0.6358570456504822, 0.8366773128509521, -0.9260278940200806, 0.9963917136192322
0.6645610332489014, 0.7690858840942383, -0.8516801595687866, 0.9962480664253235
0.6821545362472534, 0.7692176103591919, -0.8520458936691284, 0.9956120252609253
0.7004282474517822, 0.7692974805831909, -0.8520117998123169, 0.9959558844566345
0.6045447587966919, 0.7714111804962158, -0.8394543528556824, 0.9962645173072815
0.5836159586906433, 0.7735939025878906, -0.8393505811691284, 0.9956507086753845
0.5661031007766724, 0.7763198614120483, -0.8398343324661255, 0.9961121678352356
0.7277918457984924, 0.7928876876831055, -0.39886316657066345, 0.9966405630111694
0.5486189126968384, 0.8001042604446411, -0.33436399698257446, 0.9952194094657898
0.6694303154945374, 0.9036931991577148, -0.7540541887283325, 0.9868818521499634
0.6020405292510986, 0.9125176668167114, -0.737795889377594, 0.9848752617835999
0.871006190776825, 1.0566686391830444, -0.287463903427124, 0.581134557723999
0.46558937430381775, 1.1567268371582031, -0.11646610498428345, 0.625093400478363
0.9661151766777039, 1.2661616802215576, -0.6959178447723389, 0.08273886144161224
0.37250185012817383, 1.2804961204528809, -0.6544138193130493, 0.10081132501363754
0.8264856338500977, 1.1943910121917725, -0.9520837664604187, 0.030049914494156837
0.4516579508781433, 1.0627361536026, -1.3569822311401367, 0.09934712201356888
0.8048948049545288, 1.1804215908050537, -1.0531038045883179, 0.04948408529162407
0.4687843918800354, 1.0057120323181152, -1.514917254447937, 0.13978925347328186
0.7889009118080139, 1.1620341539382935, -1.0219879150390625, 0.06795763224363327
0.4613416790962219, 0.9907208681106567, -1.4723796844482422, 0.18477655947208405
0.7920249104499817, 1.1716703176498413, -0.9598474502563477, 0.06856954097747803
0.4634239673614502, 1.0195066928863525, -1.3786706924438477, 0.17040210962295532
0.8323510885238647, 1.9711374044418335, -0.16138160228729248, 0.0006352547788992524
0.5664415955543518, 1.9695403575897217, 0.16590088605880737, 0.000610564136877656
0.7950135469436646, 2.5504698753356934, -0.4906793236732483, 0.0073710959404706955
0.5135243535041809, 2.5214874744415283, -0.05201045796275139, 0.0047955745831131935
0.8372260928153992, 3.188995122909546, -0.03807113319635391, 0.0003959830501116812
0.5840844511985779, 3.173947811126709, 0.1438876837491989, 0.00026978173991665244
0.8607833981513977, 3.299914836883545, -0.02970275841653347, 0.00020156093523837626
0.6054315567016602, 3.2659380435943604, 0.13996337354183197, 0.00024832264170981944
0.7926819920539856, 3.329213857650757, -0.6382449269294739, 0.0007526413537561893
0.5713711380958557, 3.364595651626587, -0.44158345460891724, 0.000877080368809402
0.6388166546821594, 0.8378252387046814, -0.8896714448928833, 0.9963786005973816
0.666071355342865, 0.7700002193450928, -0.8014952540397644, 0.996199369430542
0.6831191182136536, 0.7698410749435425, -0.8017690777778625, 0.9955621957778931
0.7006715536117554, 0.7697805762290955, -0.8016935586929321, 0.9959306716918945
0.6083344221115112, 0.7724349498748779, -0.8055574297904968, 0.9962472319602966
0.5891371965408325, 0.7741655111312866, -0.8055233955383301, 0.9956401586532593
0.5715656876564026, 0.7766301035881042, -0.8060545921325684, 0.996120035648346
0.7273187041282654, 0.7933052182197571, -0.32152312994003296, 0.9964882135391235
0.550453782081604, 0.8009849190711975, -0.3318707346916199, 0.9952892661094666
0.6710613965988159, 0.9040613174438477, -0.7101937532424927, 0.9859597086906433
0.6056930422782898, 0.9123653173446655, -0.7160553932189941, 0.9846513271331787
0.8435031175613403, 1.064517617225647, -0.20735614001750946, 0.5684987902641296
0.4605461061000824, 1.1486698389053345, -0.12417503446340561, 0.6139367818832397
0.9356648325920105, 1.2126355171203613, -0.6010039448738098, 0.08387258648872375
0.3596917986869812, 1.2681585550308228, -0.6085664629936218, 0.10141591727733612
0.7867076992988586, 1.0927733182907104, -0.8210142254829407, 0.031640417873859406
0.4557337760925293, 1.0664750337600708, -1.1133792400360107, 0.09596923738718033
0.7635971307754517, 1.0588719844818115, -0.9178010821342468, 0.051591645926237106
0.48133525252342224, 1.0188547372817993, -1.2469518184661865, 0.1353309005498886
0.7514418363571167, 1.0509536266326904, -0.8787528276443481, 0.07051193714141846
0.4737989008426666, 1.001940131187439, -1.1942616701126099, 0.1791495531797409
0.7555913329124451, 1.069024682044983, -0.8274779319763184, 0.07122182101011276
0.46967825293540955, 1.0283488035202026, -1.1249186992645264, 0.16535021364688873
0.8157615661621094, 1.9570099115371704, -0.13082578778266907, 0.0006284982082433999
0.5536186099052429, 1.9591268301010132, 0.13538536429405212, 0.0005994907696731389
0.7875989675521851, 2.4757649898529053, -0.49166160821914673, 0.006988512817770243
0.47682785987854004, 2.419731855392456, -0.2197372019290924, 0.0045654368586838245
0.8198374509811401, 3.085160970687866, -0.05891481786966324, 0.0003796960518229753
0.5678853392601013, 3.0681049823760986, -0.004162660799920559, 0.0002581116568762809
0.8363436460494995, 3.1907427310943604, -0.04896973818540573, 0.0001995661878027022
0.5894197225570679, 3.158324718475342, -0.003669893369078636, 0.00023731397232040763
0.7858996391296387, 3.2250380516052246, -0.6366221308708191, 0.0007463016081601381
0.565220057964325, 3.2578012943267822, -0.5508335828781128, 0.0008498711977154016
0.6400279998779297, 0.8441123962402344, -0.9189655184745789, 0.9960637092590332
0.6673287749290466, 0.7751787304878235, -0.8318352699279785, 0.9959067702293396
0.6839979887008667, 0.7740737795829773, -0.832231342792511, 0.9952782392501831
0.700941264629364, 0.7730414867401123, -0.8323176503181458, 0.9956831932067871
0.6098136901855469, 0.7788942456245422, -0.841803252696991, 0.995937168598175
0.5911064743995667, 0.7802774310112, -0.8417986631393433, 0.9953212141990662
0.573654294013977, 0.781924843788147, -0.8423260450363159, 0.9958164691925049
0.7271983623504639, 0.795455813407898, -0.3270225524902344, 0.9961880445480347
0.5512078404426575, 0.8060483336448669, -0.3776225745677948, 0.9950369596481323
0.6724752187728882, 0.906329870223999, -0.7348228096961975, 0.9854459166526794
0.607578456401825, 0.9142372608184814, -0.7480946779251099, 0.984305202960968
0.8452486991882324, 1.077728033065796, -0.22240428626537323, 0.576210081577301
0.4582080841064453, 1.1490126848220825, -0.1425722986459732, 0.6169329285621643
0.9388912916183472, 1.2132611274719238, -0.6231263279914856, 0.08424178510904312
0.3528551459312439, 1.3096369504928589, -0.5742824673652649, 0.09899401664733887
0.7911098599433899, 1.1573011875152588, -0.9868937730789185, 0.0325474813580513
0.4412608742713928, 1.1762406826019287, -1.1934542655944824, 0.09149909019470215
0.7750734090805054, 1.1561368703842163, -1.100441813468933, 0.05296582356095314
0.46299201250076294, 1.1561148166656494, -1.3402752876281738, 0.1294228732585907
0.7568572759628296, 1.1383936405181885, -1.0813963413238525, 0.07254204899072647
0.4592677056789398, 1.1264231204986572, -1.3025577068328857, 0.17196746170520782
0.7574459910392761, 1.146797776222229, -1.0025830268859863, 0.07283631712198257
0.45578640699386597, 1.1428066492080688, -1.2124590873718262, 0.15891458094120026
0.8167048692703247, 1.9574884176254272, -0.11433813720941544, 0.0006186981336213648
0.5520445108413696, 1.9595859050750732, 0.11906113475561142, 0.0005794395110569894
0.7945412993431091, 2.484445095062256, -0.48668426275253296, 0.00666985334828496
0.4807133078575134, 2.436730146408081, -0.27435868978500366, 0.004372722003608942
0.8275920748710632, 3.106698751449585, -0.06896427273750305, 0.0003651427396107465
0.5687059760093689, 3.0906782150268555, -0.10684116929769516, 0.00024643223150633276
0.8408447504043579, 3.2153162956237793, -0.06322608888149261, 0.00019554037135094404
0.5899492502212524, 3.1816799640655518, -0.1133963018655777, 0.00022880567121319473
0.7993418574333191, 3.2413198947906494, -0.6774143576622009, 0.0007140525267459452
0.5785646438598633, 3.281646966934204, -0.7213006615638733, 0.0008183763129636645
0.6401304602622986, 0.8539602160453796, -0.9630152583122253, 0.9962154626846313
0.6675676703453064, 0.7830567955970764, -0.8674466013908386, 0.9960845112800598
0.6842104196548462, 0.7810122966766357, -0.8678479194641113, 0.9955148696899414
0.7009428143501282, 0.7790294289588928, -0.8678406476974487, 0.9958780407905579
0.6098830699920654, 0.7881126403808594, -0.8759062886238098, 0.9961252212524414
0.5911943912506104, 0.789476215839386, -0.876039981842041, 0.9955570697784424
0.5736860036849976, 0.7908965945243835, -0.8765727281570435, 0.9960016012191772
0.7270537614822388, 0.7998573184013367, -0.3327351212501526, 0.9963490962982178
0.5513118505477905, 0.8128613829612732, -0.39346808195114136, 0.9953004121780396
0.6729713678359985, 0.9142864346504211, -0.7731025218963623, 0.9857702255249023
0.6082927584648132, 0.9211922883987427, -0.7852278351783752, 0.9849174618721008
0.846522331237793, 1.0879656076431274, -0.22601410746574402, 0.5749384164810181
0.4486582279205322, 1.1612548828125, -0.15548129379749298, 0.619049608707428
0.9279967546463013, 1.25071382522583, -0.695885181427002, 0.0845239982008934
0.33040350675582886, 1.329858422279358, -0.6113878488540649, 0.0977139100432396
0.7838291525840759, 1.1992605924606323, -1.1823718547821045, 0.0333298034965992
0.4152310788631439, 1.1800726652145386, -1.326719045639038, 0.08770032227039337
0.7640261054039001, 1.1978822946548462, -1.3061459064483643, 0.05474890023469925
0.438795268535614, 1.1540226936340332, -1.4775667190551758, 0.1254032850265503
0.7478588819503784, 1.1741770505905151, -1.2810176610946655, 0.07495474070310593
0.4335917532444, 1.1205883026123047, -1.4505504369735718, 0.1670740842819214
0.7491675615310669, 1.1823521852493286, -1.196107029914856, 0.07485921680927277
0.4289398789405823, 1.139625906944275, -1.3476976156234741, 0.154475137591362
0.8105036020278931, 1.9769113063812256, -0.10766185820102692, 0.0006679258076474071
0.5431999564170837, 1.983873724937439, 0.11231113970279694, 0.0006241697119548917
0.8075054287910461, 2.4436991214752197, -0.5464783906936646, 0.006708886940032244
0.467072069644928, 2.432345390319824, -0.4036206603050232, 0.004560176748782396
0.8279102444648743, 3.047389507293701, -0.14714673161506653, 0.00037903283373452723
0.5691689252853394, 3.0376713275909424, -0.2089066058397293, 0.00025516803725622594
0.8410521745681763, 3.155700445175171, -0.141068696975708, 0.0002178182767238468
0.5905753374099731, 3.1228866577148438, -0.21327002346515656, 0.00023643697204533964
0.8005030751228333, 3.1753056049346924, -0.7185318470001221, 0.0007696806569583714
0.5782636404037476, 3.207138776779175, -0.7667454481124878, 0.0008423997787758708
0.6394022703170776, 0.8574998378753662, -1.0323399305343628, 0.996371328830719
0.667129635810852, 0.7856373190879822, -0.9421485066413879, 0.99626624584198
0.6839835047721863, 0.7834311127662659, -0.9425041079521179, 0.9957383275032043
0.7002857327461243, 0.7814611196517944, -0.9424761533737183, 0.9960811734199524
0.6094380617141724, 0.7912411093711853, -0.9445902705192566, 0.9963041543960571
0.5909393429756165, 0.7924127578735352, -0.9446574449539185, 0.9957638382911682
0.5733845233917236, 0.7936040163040161, -0.9451045989990234, 0.9961735010147095
0.7267199754714966, 0.8025007247924805, -0.43498530983924866, 0.9965046644210815
0.5512871742248535, 0.816021203994751, -0.4525635242462158, 0.9955397248268127
0.672806441783905, 0.9172459244728088, -0.8453904986381531, 0.9861825704574585
0.6080116033554077, 0.9245603084564209, -0.849638819694519, 0.9854957461357117
0.8470624685287476, 1.086922287940979, -0.2811007797718048, 0.5825524926185608
0.4491886496543884, 1.1646579504013062, -0.18185511231422424, 0.6170815229415894
0.9294903874397278, 1.2448601722717285, -0.6952150464057922, 0.0867287665605545
0.33327656984329224, 1.3253942728042603, -0.5495589971542358, 0.09564939141273499
0.8054927587509155, 1.198715329170227, -1.1115162372589111, 0.034501396119594574
0.41925278306007385, 1.1652355194091797, -1.146156668663025, 0.08359019458293915
0.7923479080200195, 1.1950609683990479, -1.2299044132232666, 0.05680357292294502
0.4417460858821869, 1.1346443891525269, -1.284761667251587, 0.12051362544298172
0.7719099521636963, 1.172437310218811, -1.2143490314483643, 0.07782454788684845
0.4363553524017334, 1.104603886604309, -1.2610769271850586, 0.16108150780200958
0.7707942724227905, 1.1809487342834473, -1.1278499364852905, 0.07725037634372711
0.43281587958335876, 1.1243950128555298, -1.1674953699111938, 0.14913782477378845
0.8109186291694641, 1.9752939939498901, -0.11272118240594864, 0.0006614174344576895
0.544265866279602, 1.9834678173065186, 0.1174161434173584, 0.000607110618147999
0.8070813417434692, 2.4359946250915527, -0.5575321316719055, 0.0064404611475765705
0.4719022214412689, 2.4114861488342285, -0.34300369024276733, 0.004438238684087992
0.8296017646789551, 3.027921199798584, -0.14360804855823517, 0.00036822727997787297
0.5731030106544495, 2.9952189922332764, -0.14318053424358368, 0.00024766940623521805
0.8426307439804077, 3.1364126205444336, -0.13737481832504272, 0.00021650797862093896
0.595062255859375, 3.0786306858062744, -0.1472141444683075, 0.000231432422879152
0.8031172752380371, 3.1440045833587646, -0.7308739423751831, 0.0007617969531565905
0.5816222429275513, 3.1543526649475098, -0.712062656879425, 0.0008258267189376056
0.6400803923606873, 0.8571685552597046, -1.0068038702011108, 0.996676504611969
0.6674013733863831, 0.7856469750404358, -0.9256072044372559, 0.9965794086456299
0.684117317199707, 0.7835594415664673, -0.9261813163757324, 0.9961045980453491
0.7003015279769897, 0.7816482782363892, -0.9263997077941895, 0.9964089393615723
0.6105421781539917, 0.7908662557601929, -0.9201875925064087, 0.9966182708740234
0.5924910306930542, 0.7920246124267578, -0.9202026128768921, 0.9961283206939697
0.5749138593673706, 0.7933179140090942, -0.9207366704940796, 0.9964910745620728
0.7254469394683838, 0.8027012944221497, -0.3825720250606537, 0.996776282787323
0.5515854358673096, 0.8157860636711121, -0.4466002583503723, 0.9959283471107483
0.6728182435035706, 0.9172030687332153, -0.8256447911262512, 0.9868831038475037
0.6084624528884888, 0.9244199991226196, -0.8229358792304993, 0.9863955974578857
0.8424850702285767, 1.1134657859802246, -0.2657734155654907, 0.564002275466919
0.44877535104751587, 1.163297176361084, -0.17367960512638092, 0.598148763179779
0.9016982316970825, 1.2246155738830566, -0.7303366661071777, 0.08473031967878342
0.3336782455444336, 1.2871733903884888, -0.5604747533798218, 0.09199458360671997
0.7605235576629639, 1.1364669799804688, -1.1862468719482422, 0.03545625880360603
0.455030620098114, 1.1171576976776123, -1.1456067562103271, 0.07887303084135056
0.7413414716720581, 1.1116067171096802, -1.3219563961029053, 0.05921158939599991
0.4923877716064453, 1.0879830121994019, -1.2794159650802612, 0.11569701880216599
0.7295573949813843, 1.0957896709442139, -1.2951929569244385, 0.08094841241836548
0.4821157455444336, 1.0571415424346924, -1.248685598373413, 0.15494686365127563
0.7314454913139343, 1.1104987859725952, -1.2025645971298218, 0.08026377111673355
0.4688452184200287, 1.0770200490951538, -1.1638047695159912, 0.14321891963481903
0.792824387550354, 1.9756927490234375, -0.12395396083593369, 0.0006729339365847409
0.5422196388244629, 1.9831862449645996, 0.12846364080905914, 0.0006158645264804363
0.7734344601631165, 2.183859348297119, -0.6325734257698059, 0.006673541851341724
0.41902193427085876, 2.1485791206359863, -0.3378709554672241, 0.004912594333291054
0.7996422052383423, 2.734410047531128, -0.16690999269485474, 0.00045189590309746563
0.5596661567687988, 2.6775567531585693, -0.0920383632183075, 0.00028442381881177425
0.8191094398498535, 2.847054958343506, -0.15386520326137543, 0.00030337212956510484
0.590537428855896, 2.75323224067688, -0.11553838104009628, 0.0002615586272440851
0.7625941038131714, 2.811634063720703, -0.7255545258522034, 0.0010937063489109278
0.5349956154823303, 2.820817232131958, -0.5163222551345825, 0.0009688052232377231
0.6392977237701416, 0.8573199510574341, -1.0481112003326416, 0.9969356060028076
0.6668187379837036, 0.7858208417892456, -0.9487497210502625, 0.9968381524085999
0.683575451374054, 0.783814013004303, -0.9489294290542603, 0.9964091777801514
0.6993318200111389, 0.7820262908935547, -0.9487886428833008, 0.9966765642166138
0.6101822853088379, 0.7906654477119446, -0.9483534097671509, 0.9968816041946411
0.5920957326889038, 0.7917417883872986, -0.9483650326728821, 0.9964348673820496
0.5745043754577637, 0.7930537462234497, -0.9486635327339172, 0.9967568516731262
0.7234679460525513, 0.8033971786499023, -0.4169481694698334, 0.996992826461792
0.5514858961105347, 0.8156006336212158, -0.439629465341568, 0.9962581992149353
0.6716787815093994, 0.917907178401947, -0.855333685874939, 0.9871294498443604
0.6074479818344116, 0.9243694543838501, -0.8566120266914368, 0.9869629144668579
0.8396824598312378, 1.139086365699768, -0.3075009882450104, 0.5319380164146423
0.44526416063308716, 1.1637845039367676, -0.18139860033988953, 0.5689657926559448
0.889764130115509, 1.2266407012939453, -0.7246052622795105, 0.08139035850763321
0.3271636366844177, 1.2310352325439453, -0.5383607745170593, 0.08850107342004776
0.7412919402122498, 1.1289868354797363, -1.026861310005188, 0.03423869237303734
0.4547542929649353, 1.0209238529205322, -0.9523075819015503, 0.07365436106920242
0.7184109091758728, 1.1000601053237915, -1.1481332778930664, 0.057644762098789215
0.4891037344932556, 0.9741452932357788, -1.068145990371704, 0.10923974961042404
0.7106496691703796, 1.082760214805603, -1.1263798475265503, 0.07879768311977386
0.4791908860206604, 0.9529220461845398, -1.0353834629058838, 0.14649367332458496
0.7147733569145203, 1.096797227859497, -1.043410301208496, 0.07842434197664261
0.4684617519378662, 0.9773659110069275, -0.968967616558075, 0.13544195890426636
0.7784477472305298, 1.9933841228485107, -0.139305979013443, 0.0006521238829009235
0.534898042678833, 1.9904619455337524, 0.14368174970149994, 0.0005992708611302078
0.7593483328819275, 2.169503688812256, -0.6339097023010254, 0.0067577967420220375
0.39287737011909485, 2.1469297409057617, -0.2947167158126831, 0.0052025350742042065
0.7678275108337402, 2.7054152488708496, -0.1468644142150879, 0.0005180822336114943
0.518397331237793, 2.64542293548584, 0.025566434487700462, 0.0003090221725869924
0.7870075702667236, 2.8159899711608887, -0.13487133383750916, 0.0003727219009306282
0.5502520203590393, 2.7185680866241455, 0.033468686044216156, 0.0002804989053402096
0.7218255996704102, 2.7808239459991455, -0.6610298156738281, 0.0013554315082728863
0.4779537618160248, 2.780113458633423, -0.38455790281295776, 0.0010623505804687738
0.639445424079895, 0.8571500182151794, -1.0677697658538818, 0.9971655011177063
0.66685950756073, 0.785792350769043, -0.9617382884025574, 0.9970750212669373
0.6835936903953552, 0.7839693427085876, -0.9618825912475586, 0.996685266494751
0.6993350386619568, 0.7823845744132996, -0.9616791605949402, 0.9969188570976257
0.610203206539154, 0.7905166149139404, -0.9648903608322144, 0.9971217513084412
0.5920656323432922, 0.7915493249893188, -0.9649280309677124, 0.9967126250267029
0.5744355320930481, 0.7926927208900452, -0.9651950001716614, 0.996999979019165
0.7229886651039124, 0.8041499257087708, -0.4263980984687805, 0.9971873164176941
0.5511948466300964, 0.815524697303772, -0.4435221552848816, 0.9965620636940002
0.6716759204864502, 0.9180828928947449, -0.8695821762084961, 0.9873378276824951
0.6074324250221252, 0.9242673516273499, -0.8743053674697876, 0.9874304533004761
0.8406794667243958, 1.1383153200149536, -0.3074980080127716, 0.5031426548957825
0.44502490758895874, 1.1645772457122803, -0.1989593803882599, 0.5417827367782593
0.8973170518875122, 1.2048687934875488, -0.7190141081809998, 0.07742982357740402
0.3298342227935791, 1.2228350639343262, -0.5460546016693115, 0.08459633588790894
0.7507295608520508, 1.097537875175476, -1.0442805290222168, 0.033051230013370514
0.4550982415676117, 0.9921211004257202, -0.9607102274894714, 0.06887553632259369
0.7202281951904297, 1.0654102563858032, -1.1686127185821533, 0.05630192533135414
0.4900289475917816, 0.9378324151039124, -1.0821712017059326, 0.10346250981092453
0.7111696600914001, 1.0514501333236694, -1.151550531387329, 0.07704322040081024
0.47931963205337524, 0.917095959186554, -1.05038321018219, 0.1390163153409958
0.7182711362838745, 1.066088318824768, -1.0645763874053955, 0.07693207263946533
0.4684956669807434, 0.9428663849830627, -0.9781319499015808, 0.12859632074832916
0.7831942439079285, 1.9961079359054565, -0.14153209328651428, 0.000633886840660125
0.5362163782119751, 1.9924015998840332, 0.14600078761577606, 0.0005864674458280206
0.7600716352462769, 2.188438653945923, -0.6345831155776978, 0.006771588232368231
0.4016939699649811, 2.1706161499023438, -0.34351927042007446, 0.005416673142462969
0.7783649563789368, 2.7409260272979736, -0.14204218983650208, 0.0005518652033060789
0.5279766321182251, 2.6857388019561768, 0.007125566713511944, 0.00032200332498177886
0.7979000210762024, 2.853999614715576, -0.12837456166744232, 0.00040782842552289367
0.5571101307868958, 2.7587218284606934, 0.022056393325328827, 0.0002890291216317564
0.7350342273712158, 2.8220908641815186, -0.6593429446220398, 0.0015067803906276822
0.4972328245639801, 2.829561471939087, -0.4449245035648346, 0.0011219410225749016
0.6397212743759155, 0.8588500618934631, -1.065770149230957, 0.9973615407943726
0.6671140193939209, 0.7874738574028015, -0.9629658460617065, 0.9972813725471497
0.6837819814682007, 0.7858591675758362, -0.9632046818733215, 0.9969240427017212
0.6995035409927368, 0.7842562198638916, -0.9630423784255981, 0.9971346259117126
0.6103088855743408, 0.7913510799407959, -0.9705276489257812, 0.9973297119140625
0.5920674204826355, 0.7920922636985779, -0.9706050157546997, 0.9969522356987
0.5743818283081055, 0.7929840087890625, -0.9709577560424805, 0.9972125291824341
0.7229825258255005, 0.8059121370315552, -0.42691731452941895, 0.997376024723053
0.5508238673210144, 0.8160775303840637, -0.45917075872421265, 0.9968297481536865
0.6717747449874878, 0.9204756021499634, -0.8660348653793335, 0.9879262447357178
0.6074501276016235, 0.9261254072189331, -0.8763192892074585, 0.988162636756897
0.8408815264701843, 1.1370891332626343, -0.29740679264068604, 0.5094252824783325
0.4405192732810974, 1.165734052658081, -0.19982454180717468, 0.5419373512268066
0.9000171422958374, 1.2056843042373657, -0.7098981738090515, 0.07823313027620316
0.31969496607780457, 1.2417848110198975, -0.5518816113471985, 0.08406371623277664
0.7624852657318115, 1.0993160009384155, -1.074317216873169, 0.03423922136425972
0.4375816881656647, 1.004516839981079, -1.0499274730682373, 0.06616637110710144
0.7398573160171509, 1.06728196144104, -1.200040340423584, 0.05822274088859558
0.4724769592285156, 0.9490832686424255, -1.1842377185821533, 0.10019759833812714
0.7253817319869995, 1.055250644683838, -1.1799782514572144, 0.07959335297346115
0.46266594529151917, 0.9220132231712341, -1.1524375677108765, 0.13490842282772064
0.7286220192909241, 1.068275809288025, -1.0930774211883545, 0.07915008068084717
0.4528964161872864, 0.9483749866485596, -1.0705029964447021, 0.12485050410032272
0.7857111692428589, 1.9961276054382324, -0.13405510783195496, 0.0006574114668183029
0.5332571268081665, 1.9946619272232056, 0.1387079954147339, 0.0006115601281635463
0.7663050889968872, 2.238056182861328, -0.6143549084663391, 0.006865100935101509
0.4143354892730713, 2.17960786819458, -0.41154664754867554, 0.0055488585494458675
0.7837160229682922, 2.8094048500061035, -0.14274689555168152, 0.0005582679877988994
0.532105028629303, 2.7893500328063965, -0.12887398898601532, 0.0003274960326962173
0.8038040399551392, 2.92303729057312, -0.13108810782432556, 0.0004147000436205417
0.5599515438079834, 2.8738017082214355, -0.12278761714696884, 0.00029556715162470937
0.7389588952064514, 2.9178240299224854, -0.6848756670951843, 0.0015343050472438335
0.5000385046005249, 2.9682743549346924, -0.6414762735366821, 0.0011490429751574993
0.6399661898612976, 0.8590890765190125, -1.090263843536377, 0.9974948167800903
0.6671761870384216, 0.7877607941627502, -0.9869955778121948, 0.9974391460418701
0.6837919354438782, 0.7861558198928833, -0.9872787594795227, 0.9971187114715576
0.6995071172714233, 0.7845990061759949, -0.9871194958686829, 0.9973068833351135
0.6103998422622681, 0.7916367053985596, -0.9951043128967285, 0.9974963068962097
0.5921908020973206, 0.7923649549484253, -0.995280921459198, 0.9971562027931213
0.5744835138320923, 0.7932519912719727, -0.9956900477409363, 0.997390866279602
0.7228679656982422, 0.8065795302391052, -0.451507031917572, 0.9975150227546692
0.5508061051368713, 0.8171629309654236, -0.48528948426246643, 0.9970757961273193
0.6719250082969666, 0.920507550239563, -0.8906553983688354, 0.9882845878601074
0.6077121496200562, 0.9261834621429443, -0.9016234278678894, 0.9887276291847229
0.8480690717697144, 1.1186500787734985, -0.3134990334510803, 0.5009839534759521
0.43958839774131775, 1.171095609664917, -0.22941954433918, 0.542189359664917
0.907718300819397, 1.2098567485809326, -0.812037467956543, 0.07651679217815399
0.3188246786594391, 1.2838910818099976, -0.5751357674598694, 0.08406347036361694
0.7776178121566772, 1.1079719066619873, -1.3427265882492065, 0.03398332744836807
0.4293067455291748, 1.0812851190567017, -1.0556330680847168, 0.06363646686077118
0.7613307237625122, 1.0813084840774536, -1.4881069660186768, 0.05850546807050705
0.46331173181533813, 1.0411442518234253, -1.1973258256912231, 0.09778531640768051
0.7438927888870239, 1.0672526359558105, -1.470804214477539, 0.08006410300731659
0.45538121461868286, 1.004597544670105, -1.1878056526184082, 0.13213521242141724
0.7437087893486023, 1.0790514945983887, -1.3655340671539307, 0.07931481301784515
0.445507287979126, 1.025925636291504, -1.0768136978149414, 0.12210937589406967
0.7893954515457153, 1.9955264329910278, -0.1341264843940735, 0.0006831834907643497
0.5339332818984985, 1.9939602613449097, 0.13889102637767792, 0.0006538411253131926
0.7680754661560059, 2.2512941360473633, -0.6444336175918579, 0.007081929128617048
0.40763288736343384, 2.191950559616089, -0.5071538090705872, 0.006114991847425699
0.7848730087280273, 2.8131422996520996, -0.19704297184944153, 0.0005909677129238844
0.5303897857666016, 2.7529077529907227, -0.22197091579437256, 0.00034972705179825425
0.805878758430481, 2.9274470806121826, -0.18790577352046967, 0.0004409989051055163
0.5601154565811157, 2.832736015319824, -0.21598036587238312, 0.00031509509426541626
0.7427722215652466, 2.8933165073394775, -0.7690737247467041, 0.0016542304074391723
0.5030097365379333, 2.895688772201538, -0.7461066246032715, 0.0012378408573567867
0.6399151682853699, 0.8612381815910339, -1.070746660232544, 0.9975380897521973
0.6671673059463501, 0.7894272208213806, -0.9707625508308411, 0.9975054264068604
0.6837841868400574, 0.7878819704055786, -0.9710091352462769, 0.9972144961357117
0.699502170085907, 0.7864133715629578, -0.9708480834960938, 0.9973905086517334
0.6103749871253967, 0.793013334274292, -0.9754992723464966, 0.997564971446991
0.5921747088432312, 0.7935470342636108, -0.9756079912185669, 0.9972415566444397
0.5744373202323914, 0.7941477298736572, -0.9760012626647949, 0.9974538087844849
0.7228653430938721, 0.8082700371742249, -0.45022597908973694, 0.9975809454917908
0.5506554245948792, 0.8181275725364685, -0.46720218658447266, 0.9972051978111267
0.6719077825546265, 0.9221943616867065, -0.8780584335327148, 0.9882734417915344
0.6077096462249756, 0.9275595545768738, -0.8830969929695129, 0.9888820648193359
0.8485565185546875, 1.1011333465576172, -0.2940872013568878, 0.5112530589103699
0.43906792998313904, 1.1699479818344116, -0.22507603466510773, 0.545965313911438
0.9097961187362671, 1.2262836694717407, -0.7791496515274048, 0.07930085062980652
0.320647656917572, 1.2934157848358154, -0.5780543684959412, 0.08395004272460938
0.7772451639175415, 1.1360124349594116, -1.2400416135787964, 0.03650655224919319
0.4299096465110779, 1.1038836240768433, -1.0883140563964844, 0.06165012717247009
0.7589934468269348, 1.1146750450134277, -1.3699638843536377, 0.062415961176157
0.4633710980415344, 1.066422700881958, -1.2325866222381592, 0.09557807445526123
0.741645336151123, 1.0953797101974487, -1.3432133197784424, 0.08519928902387619
0.4556480348110199, 1.0340229272842407, -1.202117681503296, 0.12944082915782928
0.7418752908706665, 1.1084613800048828, -1.2551422119140625, 0.08358923345804214
0.4458164572715759, 1.0557122230529785, -1.0995190143585205, 0.11951978504657745
0.7901707887649536, 1.9913276433944702, -0.12814627587795258, 0.0007178140222094953
0.5343562364578247, 1.9903836250305176, 0.13307572901248932, 0.0006906331400386989
0.7688236832618713, 2.303152561187744, -0.6314820647239685, 0.007194629404693842
0.4113903045654297, 2.1960947513580322, -0.5195621848106384, 0.006334471981972456
0.78773033618927, 2.8754279613494873, -0.19234150648117065, 0.0005929516046307981
0.5370051264762878, 2.826855182647705, -0.28007856011390686, 0.00035645399475470185
0.8089956045150757, 2.985915184020996, -0.1848127841949463, 0.00044609024189412594
0.5673528909683228, 2.9125213623046875, -0.27884191274642944, 0.000323170650517568
0.7455529570579529, 2.976353406906128, -0.7632569670677185, 0.0016664648428559303
0.5222855806350708, 2.991299867630005, -0.824526309967041, 0.0012660556240007281
0.6405097246170044, 0.8631605505943298, -1.1404800415039062, 0.9977301955223083
0.6674978733062744, 0.7913264036178589, -1.030318021774292, 0.997702956199646
0.6839660406112671, 0.790012001991272, -1.03043532371521, 0.9974403977394104
0.6996535658836365, 0.7886234521865845, -1.0302011966705322, 0.9975947737693787
0.6106678247451782, 0.7942983508110046, -1.0395320653915405, 0.9977614879608154
0.592430055141449, 0.7946807742118835, -1.0396078824996948, 0.9974671006202698
0.5746036767959595, 0.7951239943504333, -1.0398379564285278, 0.9976551532745361
0.7228007316589355, 0.8110231757164001, -0.4832264482975006, 0.9977517127990723
0.5506473779678345, 0.8195006847381592, -0.5193343162536621, 0.9974409937858582
0.6721227765083313, 0.9245718717575073, -0.9362753033638, 0.9887216091156006
0.6082224249839783, 0.9292289018630981, -0.9484826326370239, 0.9894522428512573
0.8477293252944946, 1.1360764503479004, -0.3417653739452362, 0.49079978466033936
0.43730831146240234, 1.176573634147644, -0.26847559213638306, 0.5240871906280518
0.9081385731697083, 1.2229866981506348, -0.7813414335250854, 0.07707952708005905
0.3187297284603119, 1.2838793992996216, -0.5980275869369507, 0.08147057890892029
0.7783221006393433, 1.118257999420166, -1.2049742937088013, 0.03598043695092201
0.4310533404350281, 1.0680744647979736, -1.0478070974349976, 0.05830743908882141
0.7602838277816772, 1.0886236429214478, -1.3338167667388916, 0.06199725344777107
0.4677343964576721, 1.0199910402297974, -1.1710985898971558, 0.09136620908975601
0.7430844306945801, 1.0698860883712769, -1.313707709312439, 0.0847339928150177
0.45837894082069397, 0.991089403629303, -1.136160135269165, 0.12395874410867691
0.7435571551322937, 1.0845491886138916, -1.223451852798462, 0.0831490010023117
0.4470243453979492, 1.0146675109863281, -1.0608958005905151, 0.11446399241685867
0.7876378297805786, 2.0015549659729004, -0.1285887509584427, 0.0006916134734638035
0.5332511067390442, 1.9977926015853882, 0.13350701332092285, 0.0006640212377533317
0.7677672505378723, 2.1960196495056152, -0.6604825854301453, 0.007313049864023924
0.3868805170059204, 2.1471123695373535, -0.4591025710105896, 0.006651453208178282
0.7903670072555542, 2.7166104316711426, -0.18140020966529846, 0.0006398985278792679
0.5178173184394836, 2.6363253593444824, -0.18299616873264313, 0.0003679533547256142
0.8110378980636597, 2.828385353088379, -0.1712513417005539, 0.0004798429145012051
0.5495036244392395, 2.7057695388793945, -0.15709355473518372, 0.0003272528119850904
0.7491865754127502, 2.778109550476074, -0.7605322003364563, 0.001842098543420434
0.4907620847225189, 2.7627511024475098, -0.6079280376434326, 0.0013101325603201985
0.6406320333480835, 0.8630801439285278, -1.1240203380584717, 0.9978166818618774
0.667604386806488, 0.7913784384727478, -1.0285578966140747, 0.9978103041648865
0.6840991973876953, 0.7902442812919617, -1.0284669399261475, 0.9975730180740356
0.6998769044876099, 0.7891076803207397, -1.0281269550323486, 0.9977172017097473
0.6106946468353271, 0.7942203283309937, -1.0330877304077148, 0.9978705644607544
0.5924345254898071, 0.7946106791496277, -1.0330426692962646, 0.9975966215133667
0.5745835900306702, 0.7950601577758789, -1.033089280128479, 0.9977651834487915
0.7229257822036743, 0.8121840953826904, -0.46615639328956604, 0.9978567957878113
0.5503911375999451, 0.8197252154350281, -0.5145860910415649, 0.9976010918617249
0.6722952127456665, 0.9248788356781006, -0.9264473915100098, 0.9889591336250305
0.6082292795181274, 0.9293361306190491, -0.932862401008606, 0.9898282289505005
0.848442554473877, 1.1245477199554443, -0.33583903312683105, 0.49153584241867065
0.4363361895084381, 1.1767243146896362, -0.24867823719978333, 0.5241095423698425
0.9129756093025208, 1.2304226160049438, -0.8435925245285034, 0.07885398715734482
0.31985989212989807, 1.29462730884552, -0.671136736869812, 0.0805460587143898
0.7790246605873108, 1.1094781160354614, -1.321723461151123, 0.03688696399331093
0.43394288420677185, 1.0805933475494385, -1.2485145330429077, 0.055920880287885666
0.7611088156700134, 1.0698105096817017, -1.4569377899169922, 0.06336163729429245
0.47172027826309204, 1.0319033861160278, -1.3903521299362183, 0.0882253497838974
0.7442994713783264, 1.0521475076675415, -1.4133169651031494, 0.086393341422081
0.4618226885795593, 1.0022815465927124, -1.3460867404937744, 0.11985859274864197
0.7449060678482056, 1.0722912549972534, -1.331836223602295, 0.08445229381322861
0.4503159523010254, 1.0277901887893677, -1.2625253200531006, 0.11064659804105759
0.7886795401573181, 2.0014488697052, -0.12731929123401642, 0.0007527581183239818
0.5328184366226196, 1.9987380504608154, 0.1322605311870575, 0.0007212982163764536
0.7747474908828735, 2.227903127670288, -0.6531389951705933, 0.007434215862303972
0.39563629031181335, 2.155795097351074, -0.5083138942718506, 0.006918712053447962
0.7919859290122986, 2.763643503189087, -0.21192927658557892, 0.0006476245471276343
0.522321343421936, 2.679396867752075, -0.24208173155784607, 0.00037413169047795236
0.810403048992157, 2.878063678741455, -0.2023077756166458, 0.0004906586254946887
0.5530482530593872, 2.750587224960327, -0.23471681773662567, 0.00033280756906606257
0.7513939142227173, 2.8226802349090576, -0.779949426651001, 0.001878273906186223
0.4958569407463074, 2.7954776287078857, -0.7443393468856812, 0.0013315364485606551
0.6405022144317627, 0.8629900813102722, -1.103214979171753, 0.997909426689148
0.6675234436988831, 0.791225790977478, -1.011439561843872, 0.997922420501709
0.6840699911117554, 0.7901315093040466, -1.0114392042160034, 0.9977113008499146
0.6998806595802307, 0.7890763878822327, -1.0111910104751587, 0.997842013835907
0.6105270385742188, 0.7941749095916748, -1.01707923412323, 0.9979793429374695
0.5922322273254395, 0.7945560812950134, -1.017030954360962, 0.9977256655693054
0.5742899775505066, 0.7950136065483093, -1.0171713829040527, 0.9978739619255066
0.7230972647666931, 0.8122571706771851, -0.46532851457595825, 0.9979622960090637
0.5501142740249634, 0.8200358152389526, -0.5025796890258789, 0.9977501034736633
0.6723431348800659, 0.9248412251472473, -0.9076728820800781, 0.9891746044158936
0.6081713438034058, 0.9293088316917419, -0.9152126312255859, 0.9900972843170166
0.8536988496780396, 1.1117839813232422, -0.32984989881515503, 0.4850720465183258
0.4360974431037903, 1.176856279373169, -0.23837992548942566, 0.5169230699539185
0.9135392308235168, 1.2338199615478516, -0.8992012143135071, 0.07853970676660538
0.3206402659416199, 1.2940398454666138, -0.7262224555015564, 0.08019551634788513
0.7782579660415649, 1.1133995056152344, -1.3914449214935303, 0.03752599284052849
0.4443250596523285, 1.0783721208572388, -1.3225467205047607, 0.05415652319788933
0.7593424320220947, 1.0777132511138916, -1.5267587900161743, 0.06473729759454727
0.48456788063049316, 1.028437852859497, -1.4690958261489868, 0.08621478825807571
0.7439673542976379, 1.0600630044937134, -1.4853013753890991, 0.08816944062709808
0.4746329188346863, 1.0001046657562256, -1.4164198637008667, 0.11725488305091858
0.7447662353515625, 1.078371286392212, -1.4025709629058838, 0.08587242662906647
0.462724506855011, 1.026408076286316, -1.334367275238037, 0.10808277875185013
0.7888981103897095, 2.001436948776245, -0.12645038962364197, 0.0007702058064751327
0.5330410599708557, 1.9990794658660889, 0.13142919540405273, 0.0007378847221843898
0.7738641500473022, 2.2499778270721436, -0.6514316201210022, 0.007502491120249033
0.39594727754592896, 2.1965909004211426, -0.5214563012123108, 0.007240168750286102
0.7929257750511169, 2.80155873298645, -0.2175818234682083, 0.0006594897131435573
0.5244048237800598, 2.7351608276367188, -0.2508421242237091, 0.0003791114140767604
0.8108142018318176, 2.914646625518799, -0.20791983604431152, 0.000497808214277029
0.5536009073257446, 2.8096344470977783, -0.24565891921520233, 0.0003313888155389577
0.753169596195221, 2.8794472217559814, -0.7859072089195251, 0.001945764641277492
0.5011432766914368, 2.8718008995056152, -0.7630169987678528, 0.0013593476032838225
0.6404629945755005, 0.8628830313682556, -1.0716687440872192, 0.998010516166687
0.6675103902816772, 0.7911776900291443, -0.9643165469169617, 0.998029887676239
0.6840724945068359, 0.7901092171669006, -0.9644988775253296, 0.9978364109992981
0.6998892426490784, 0.7890526652336121, -0.9643113017082214, 0.9979519844055176
0.6103692650794983, 0.7940200567245483, -0.9736273884773254, 0.9980899095535278
0.5918983221054077, 0.7943886518478394, -0.9737049341201782, 0.9978543519973755
0.5737547278404236, 0.7949166893959045, -0.9739865064620972, 0.9979884624481201
0.723097562789917, 0.8122945427894592, -0.4102405607700348, 0.9980556964874268
0.549456775188446, 0.8199819922447205, -0.44973739981651306, 0.9979013204574585
0.672347903251648, 0.9248406291007996, -0.8699706792831421, 0.9892896413803101
0.6078661680221558, 0.9292829632759094, -0.8820427656173706, 0.9903828501701355
0.8513398170471191, 1.1350361108779907, -0.28320878744125366, 0.47412776947021484
0.4348147511482239, 1.1778385639190674, -0.21028682589530945, 0.5108031630516052
0.9113732576370239, 1.2361575365066528, -0.8017444610595703, 0.07589908689260483
0.3186824917793274, 1.291666865348816, -0.6651358604431152, 0.07931345701217651
0.7788189649581909, 1.1223655939102173, -1.2692891359329224, 0.036518510431051254
0.4442950189113617, 1.0712474584579468, -1.1682723760604858, 0.051868658512830734
0.7597513198852539, 1.0894032716751099, -1.4045422077178955, 0.06344614177942276
0.4840265214443207, 1.020430326461792, -1.300470232963562, 0.08309357613325119
0.7448973059654236, 1.0716636180877686, -1.3726564645767212, 0.08641201257705688
0.474179744720459, 0.9943666458129883, -1.2508184909820557, 0.1130814477801323
0.7448787689208984, 1.0892409086227417, -1.2877345085144043, 0.0842786654829979
0.46256107091903687, 1.0211355686187744, -1.1794310808181763, 0.10437299311161041
0.7881743311882019, 2.0120391845703125, -0.12674471735954285, 0.000801798072643578
0.530145525932312, 2.0088577270507812, 0.13171368837356567, 0.0007838377496227622
0.7740331888198853, 2.263841390609741, -0.6476435661315918, 0.007711729034781456
0.39151641726493835, 2.200345277786255, -0.5114232301712036, 0.007683975156396627
0.7871111631393433, 2.804370164871216, -0.21110987663269043, 0.0006888120551593602
0.5171672105789185, 2.7605018615722656, -0.23398470878601074, 0.00039978514541871846
0.8024543523788452, 2.9214673042297363, -0.2013286054134369, 0.0005240708123892546
0.5468138456344604, 2.83868670463562, -0.22796206176280975, 0.00034678666270338
0.7483850121498108, 2.8868753910064697, -0.7713705897331238, 0.0020343568176031113
0.4943522810935974, 2.911574125289917, -0.740024209022522, 0.0014271240215748549
0.6411358714103699, 0.8628064393997192, -1.0754294395446777, 0.9981415867805481
0.6678192019462585, 0.7912493348121643, -0.9670847058296204, 0.9981595873832703
0.6842892169952393, 0.7902461290359497, -0.967250645160675, 0.9979821443557739
0.7001063823699951, 0.7892639636993408, -0.9670227766036987, 0.998083770275116
0.6105642318725586, 0.7939566969871521, -0.9758666157722473, 0.9982194900512695
0.5920015573501587, 0.7943394184112549, -0.9759109616279602, 0.9980019927024841
0.5737621784210205, 0.7948427796363831, -0.9761749505996704, 0.9981215000152588
0.7230327725410461, 0.8125149011611938, -0.41363343596458435, 0.9981648325920105
0.5492150187492371, 0.8198527097702026, -0.45274585485458374, 0.9980512857437134
0.6724877953529358, 0.9249487519264221, -0.8730238676071167, 0.9895538091659546
0.6079332232475281, 0.9292836785316467, -0.8843588829040527, 0.9907355904579163
0.8484705686569214, 1.140320897102356, -0.28346753120422363, 0.4605550169944763
0.4346354007720947, 1.177725076675415, -0.2133151739835739, 0.4941279888153076
0.9055498838424683, 1.229593276977539, -0.7510182857513428, 0.07347158342599869
0.31924542784690857, 1.2747477293014526, -0.6331248879432678, 0.07739287614822388
0.7788804769515991, 1.121087670326233, -1.16001296043396, 0.035795461386442184
0.444359689950943, 1.041744351387024, -1.0838996171951294, 0.04963932931423187
0.7601081132888794, 1.0902782678604126, -1.2896785736083984, 0.06267485022544861
0.4837682247161865, 0.9878051280975342, -1.2114522457122803, 0.0803128108382225
0.74500572681427, 1.0728074312210083, -1.2762844562530518, 0.08542276918888092
0.47384658455848694, 0.9633939266204834, -1.1720545291900635, 0.10947847366333008
0.7451471090316772, 1.0889685153961182, -1.1835362911224365, 0.08338497579097748
0.46244603395462036, 0.9900748133659363, -1.0982738733291626, 0.1010340079665184
0.7869309782981873, 2.011627197265625, -0.12686672806739807, 0.0007750324439257383
0.5300263166427612, 2.008225679397583, 0.13183040916919708, 0.0007566562271676958
0.7688315510749817, 2.2524189949035645, -0.6437929272651672, 0.007665480021387339
0.3924880623817444, 2.1955864429473877, -0.4843668043613434, 0.007736934348940849
0.7800707817077637, 2.783698797225952, -0.17548999190330505, 0.0007011371781118214
0.5145769119262695, 2.7223665714263916, -0.14757989346981049, 0.0004030355776194483
0.7953628301620483, 2.8950300216674805, -0.1618744432926178, 0.0005324659869074821
0.5433973073959351, 2.7988393306732178, -0.1376098096370697, 0.0003476043348200619
0.73835688829422, 2.8628950119018555, -0.7188855409622192, 0.0021013214718550444
0.4899265170097351, 2.861096143722534, -0.6231710314750671, 0.0014525020960718393
0.6415895819664001, 0.8627663254737854, -1.097644567489624, 0.998260498046875
0.6680057644844055, 0.7913405895233154, -0.987228512763977, 0.9982743859291077
0.684450626373291, 0.7904130220413208, -0.987346351146698, 0.998114287853241
0.7003085613250732, 0.7895258069038391, -0.9871212840080261, 0.9981983304023743
0.6106385588645935, 0.7938969135284424, -0.9960383176803589, 0.9983334541320801
0.5920326113700867, 0.7942911982536316, -0.9960601925849915, 0.9981324076652527
0.573750376701355, 0.7948085069656372, -0.9962563514709473, 0.9982354640960693
0.7230316400527954, 0.8127840161323547, -0.4331381320953369, 0.9982556700706482
0.5490055680274963, 0.819831907749176, -0.47022637724876404, 0.9981831908226013
0.672654390335083, 0.925256073474884, -0.8923622369766235, 0.9895987510681152
0.6080154776573181, 0.929390013217926, -0.9037646055221558, 0.9908565282821655
0.847292423248291, 1.1415841579437256, -0.2984233498573303, 0.4392932057380676
0.43540677428245544, 1.1777148246765137, -0.23354017734527588, 0.46992766857147217
0.9036310911178589, 1.2175523042678833, -0.74676114320755, 0.07019361853599548
0.32573622465133667, 1.2517317533493042, -0.6328821778297424, 0.0747341737151146
0.7784414291381836, 1.1092071533203125, -1.1292164325714111, 0.034585144370794296
0.45695194602012634, 1.0073206424713135, -1.054766297340393, 0.04720216616988182
0.7605692148208618, 1.0776803493499756, -1.25238037109375, 0.06101077422499657
0.49766236543655396, 0.9499992728233337, -1.1757287979125977, 0.07719811052083969
0.7455528974533081, 1.062211275100708, -1.2355053424835205, 0.0831950455904007
0.485542356967926, 0.9275878071784973, -1.1352112293243408, 0.10528608411550522
0.745771050453186, 1.0778549909591675, -1.1497923135757446, 0.08151339739561081
0.47299104928970337, 0.9543405771255493, -1.0676393508911133, 0.09721669554710388
0.7872132062911987, 2.012247323989868, -0.12775956094264984, 0.0007424052455462515
0.5317643284797668, 2.008631706237793, 0.13263249397277832, 0.0007243331638164818
0.7586947679519653, 2.181685209274292, -0.6410120725631714, 0.007716993801295757
0.3926858603954315, 2.1590163707733154, -0.43291789293289185, 0.007932936772704124
0.7739976644515991, 2.708782196044922, -0.15561401844024658, 0.0007441419293172657
0.5164155960083008, 2.640559196472168, -0.06495644152164459, 0.00041681641596369445
0.791891872882843, 2.8201615810394287, -0.1392662674188614, 0.0005686110816895962
0.5483036637306213, 2.7079010009765625, -0.052252642810344696, 0.00035386913805268705
0.7299511432647705, 2.780033826828003, -0.6699264645576477, 0.0022599815856665373
0.4932019114494324, 2.7750613689422607, -0.5142048597335815, 0.001500658574514091
0.6423597931861877, 0.8628197312355042, -1.147146224975586, 0.9983581304550171
0.6684082746505737, 0.7915313243865967, -1.037956953048706, 0.9983738660812378
0.6847527027130127, 0.790685772895813, -1.0381052494049072, 0.9982263445854187
0.7006665468215942, 0.789866030216217, -1.0378981828689575, 0.9982956051826477
0.6108232736587524, 0.7938734889030457, -1.048187494277954, 0.9984373450279236
0.5921262502670288, 0.79424649477005, -1.0483100414276123, 0.998252272605896
0.5737734436988831, 0.7947990894317627, -1.0486149787902832, 0.9983453154563904
0.7230396866798401, 0.8132749795913696, -0.4838079810142517, 0.9983368515968323
0.5487115383148193, 0.8199823498725891, -0.5260706543922424, 0.9983105063438416
0.6730808019638062, 0.9255582690238953, -0.940498948097229, 0.989794909954071
0.6081134080886841, 0.9295982718467712, -0.9541875720024109, 0.9911608695983887
0.8471522331237793, 1.1456255912780762, -0.33068129420280457, 0.426552414894104
0.43341201543807983, 1.1790927648544312, -0.272513210773468, 0.4645613729953766
0.9091846346855164, 1.2184685468673706, -0.7617131471633911, 0.06795088201761246
0.3215424716472626, 1.2601431608200073, -0.6563078165054321, 0.07393378019332886
0.7909413576126099, 1.109459638595581, -1.184881329536438, 0.0334693118929863
0.44959527254104614, 1.008790135383606, -1.0933963060379028, 0.04566611722111702
0.7762840986251831, 1.0780366659164429, -1.3099157810211182, 0.05932382494211197
0.4900093972682953, 0.9526562094688416, -1.2054550647735596, 0.07527728378772736
0.7604431509971619, 1.0626792907714844, -1.2935150861740112, 0.08095787465572357
0.4775199294090271, 0.9343747496604919, -1.16017746925354, 0.10276736319065094
0.7597225308418274, 1.0787502527236938, -1.2062031030654907, 0.07945834845304489
0.4654414653778076, 0.9614297151565552, -1.1021339893341064, 0.09486792236566544
0.7875235676765442, 2.01297664642334, -0.12781433761119843, 0.000731362437363714
0.5316506028175354, 2.010432720184326, 0.13269387185573578, 0.0007234227959997952
0.7598006725311279, 2.2087743282318115, -0.6449195146560669, 0.007861948572099209
0.3935216963291168, 2.172119140625, -0.4516757130622864, 0.008137350901961327
0.7750604748725891, 2.7481014728546143, -0.1570214182138443, 0.0007784318295307457
0.5212178826332092, 2.6817469596862793, -0.07477055490016937, 0.00043338388786651194
0.7943164110183716, 2.857966423034668, -0.1403089165687561, 0.0005957173998467624
0.5554217100143433, 2.755981683731079, -0.0674818828701973, 0.0003660192887764424
0.730764627456665, 2.827692985534668, -0.671132504940033, 0.0023719039745628834
0.4966192841529846, 2.81884765625, -0.5472244024276733, 0.0015573931159451604
0.642397403717041, 0.862585186958313, -1.077103853225708, 0.998293936252594
0.6684250235557556, 0.791434645652771, -0.9799424409866333, 0.9983083009719849
0.6847636103630066, 0.7906023263931274, -0.9802103042602539, 0.9981471300125122
0.7006773948669434, 0.789828896522522, -0.9800551533699036, 0.9982144832611084
0.6108294725418091, 0.7937332987785339, -0.9911445379257202, 0.9983940124511719
0.5921236276626587, 0.7941075563430786, -0.9912205934524536, 0.9982091784477234
0.5737649202346802, 0.7947428226470947, -0.9917871356010437, 0.9983131885528564
0.7230257391929626, 0.813262939453125, -0.44876179099082947, 0.998242199420929
0.5485900044441223, 0.819966197013855, -0.49772244691848755, 0.9983027577400208
0.6730904579162598, 0.9253168106079102, -0.877588152885437, 0.9893047213554382
0.6081140637397766, 0.92923903465271, -0.8921386003494263, 0.990933358669281
0.8475848436355591, 1.104515552520752, -0.2748810350894928, 0.4254224896430969
0.4336087703704834, 1.1773320436477661, -0.25038275122642517, 0.4697098731994629
0.9219578504562378, 1.219148874282837, -0.7156922221183777, 0.06663011759519577
0.32160043716430664, 1.28565514087677, -0.6538675427436829, 0.07440101355314255
0.8004325032234192, 1.1110931634902954, -1.13683021068573, 0.03277359530329704
0.44655436277389526, 1.0638340711593628, -1.1480063199996948, 0.04542737826704979
0.7856431603431702, 1.0801690816879272, -1.256021499633789, 0.058253251016139984
0.4844915270805359, 1.0159097909927368, -1.2790406942367554, 0.07503605633974075
0.7688955664634705, 1.0632085800170898, -1.2301832437515259, 0.07952651381492615
0.4727412760257721, 0.9900112152099609, -1.2267882823944092, 0.10261700302362442
0.7680200338363647, 1.0789703130722046, -1.1539181470870972, 0.07813899219036102
0.4625188410282135, 1.0151628255844116, -1.156896948814392, 0.09460940957069397
0.7937980890274048, 2.005570888519287, -0.12446550279855728, 0.0007151840254664421
0.5321894884109497, 2.0055654048919678, 0.12945836782455444, 0.0007091951556503773
0.7629103660583496, 2.399970769882202, -0.5780285000801086, 0.007516130339354277
0.42248040437698364, 2.3447959423065186, -0.39575719833374023, 0.007694081403315067
0.7804184556007385, 2.9904582500457764, -0.12300236523151398, 0.0007344987825490534
0.5246089696884155, 2.9606871604919434, -0.08508770167827606, 0.00041262246668338776
0.7983229160308838, 3.0994021892547607, -0.1116170734167099, 0.0005610203952528536
0.555733323097229, 3.049046516418457, -0.07147367298603058, 0.0003501272585708648
0.7369720339775085, 3.1149485111236572, -0.6786919236183167, 0.0022376738488674164
0.5108402967453003, 3.137669086456299, -0.6290346384048462, 0.0014945636503398418
0.6424650549888611, 0.8624230623245239, -1.0713398456573486, 0.9982704520225525
0.6684417724609375, 0.791411817073822, -0.9732910990715027, 0.9983080625534058
0.6847735047340393, 0.7905730605125427, -0.9736431241035461, 0.9981558918952942
0.7006906270980835, 0.789811372756958, -0.9734903573989868, 0.9982181191444397
0.6108395457267761, 0.793704628944397, -0.9834851026535034, 0.9984012246131897
0.5921273827552795, 0.7940753102302551, -0.9836329221725464, 0.9982291460037231
0.5737578868865967, 0.7947134375572205, -0.9842427968978882, 0.9983308911323547
0.7230144739151001, 0.8132463693618774, -0.4418922960758209, 0.9982415437698364
0.5484481453895569, 0.8199854493141174, -0.48507729172706604, 0.9983524084091187
0.6731523275375366, 0.9250248670578003, -0.8718107342720032, 0.9892368912696838
0.6081151962280273, 0.9290465712547302, -0.8847231864929199, 0.9909775257110596
0.8482667803764343, 1.1086045503616333, -0.27583760023117065, 0.4279678761959076
0.43388524651527405, 1.1772962808609009, -0.24559517204761505, 0.47746047377586365
0.9263189435005188, 1.2196344137191772, -0.7893270254135132, 0.06591429561376572
0.32559651136398315, 1.3086799383163452, -0.7154699563980103, 0.07613559067249298
0.8048912286758423, 1.1162910461425781, -1.3240907192230225, 0.032669588923454285
0.45181483030319214, 1.0999255180358887, -1.334933876991272, 0.045394375920295715
0.791822075843811, 1.087586760520935, -1.4653003215789795, 0.05835356563329697
0.4905098080635071, 1.0577576160430908, -1.4895234107971191, 0.0754404291510582
0.7738300561904907, 1.0731780529022217, -1.4386699199676514, 0.07966171205043793
0.48088011145591736, 1.0245212316513062, -1.445324182510376, 0.10335016995668411
0.7722136378288269, 1.0890140533447266, -1.3429765701293945, 0.07811560481786728
0.47009843587875366, 1.0483344793319702, -1.3483761548995972, 0.09501013159751892
0.7991792559623718, 2.0009684562683105, -0.12364747375249863, 0.0007445698720403016
0.5344337224960327, 2.0015065670013428, 0.12872891128063202, 0.0007458652253262699
0.7678354382514954, 2.3705520629882812, -0.6111450791358948, 0.007558401674032211
0.42279258370399475, 2.3214123249053955, -0.48591676354408264, 0.007833766750991344
0.7900450229644775, 2.953192949295044, -0.1941273957490921, 0.000722650671377778
0.5251129865646362, 2.913294553756714, -0.2517779469490051, 0.0004130189772695303
0.8063657879829407, 3.06473445892334, -0.18784360587596893, 0.000550808385014534
0.5563140511512756, 2.9983596801757812, -0.2513269782066345, 0.0003521113540045917
0.7529356479644775, 3.060112237930298, -0.7879296541213989, 0.0022058007307350636
0.5131782293319702, 3.074904441833496, -0.8187376856803894, 0.0015069517539814115
0.6420168280601501, 0.8623893857002258, -1.0584814548492432, 0.9983105659484863
0.6681403517723083, 0.791400134563446, -0.9595627784729004, 0.9983444809913635
0.6845378875732422, 0.7905616164207458, -0.9598852396011353, 0.9981942772865295
0.7004716992378235, 0.7897891402244568, -0.9597365260124207, 0.9982561469078064
0.6103521585464478, 0.7936865091323853, -0.9685486555099487, 0.9984400272369385
0.5915119051933289, 0.7940518856048584, -0.9686741828918457, 0.9982720613479614
0.5731364488601685, 0.7947279810905457, -0.9692569971084595, 0.9983741044998169
0.7228789329528809, 0.8131497502326965, -0.4311353266239166, 0.9982696771621704
0.548118531703949, 0.819987952709198, -0.46742182970046997, 0.9984116554260254
0.6730917096138, 0.9250109195709229, -0.8605328798294067, 0.9892112016677856
0.6077479720115662, 0.9290346503257751, -0.8717883825302124, 0.9910870790481567
0.8461839556694031, 1.0984904766082764, -0.270575612783432, 0.4291096031665802
0.43406200408935547, 1.1772706508636475, -0.2403840571641922, 0.4782829284667969
0.9265975952148438, 1.2197755575180054, -0.7584309577941895, 0.06510253995656967
0.3252112567424774, 1.3025697469711304, -0.6985843777656555, 0.0761289894580841
0.8057020306587219, 1.1160519123077393, -1.1913408041000366, 0.03229737654328346
0.4517175257205963, 1.0876891613006592, -1.2854397296905518, 0.0442795567214489
0.7932485342025757, 1.0864816904067993, -1.3171982765197754, 0.05779676139354706
0.49027496576309204, 1.0407956838607788, -1.4366958141326904, 0.07365775108337402
0.7755807638168335, 1.0731146335601807, -1.2848751544952393, 0.07890978455543518
0.4805262088775635, 1.0140150785446167, -1.3608484268188477, 0.10100684314966202
0.7737358212471008, 1.08907949924469, -1.2073101997375488, 0.07738228887319565
0.46985116600990295, 1.039688229560852, -1.2900259494781494, 0.09290669113397598
0.7991136312484741, 2.0011699199676514, -0.12382960319519043, 0.0007424527429975569
0.5339820981025696, 2.001523494720459, 0.12890629470348358, 0.0007466044626198709
0.769838809967041, 2.393967628479004, -0.594980776309967, 0.007280626799911261
0.4222930073738098, 2.3324806690216064, -0.4736812710762024, 0.00748115498572588
0.7880363464355469, 2.9766106605529785, -0.16070698201656342, 0.0006907192291691899
0.5220755338668823, 2.9405179023742676, -0.22109095752239227, 0.0003968389064539224
0.8025990724563599, 3.087151527404785, -0.1523757129907608, 0.0005269832327030599
0.5505074858665466, 3.0278854370117188, -0.2193966805934906, 0.0003394758969079703
0.750678539276123, 3.088080644607544, -0.7549842596054077, 0.0021172172855585814
0.5094903111457825, 3.109630823135376, -0.7549581527709961, 0.0014637864660471678
0.6418544054031372, 0.8613507747650146, -1.0942907333374023, 0.9983952045440674
0.667974054813385, 0.790999174118042, -0.9922758936882019, 0.9984323978424072
0.6844136118888855, 0.7901315689086914, -0.9925119280815125, 0.9982943534851074
0.7003509402275085, 0.7894822955131531, -0.992302417755127, 0.9983500242233276
0.6101107597351074, 0.7932946085929871, -0.9956867098808289, 0.9985242486000061
0.5911362171173096, 0.793660044670105, -0.9957408905029297, 0.9983665347099304
0.5726374387741089, 0.7944896221160889, -0.9961692690849304, 0.9984568953514099
0.7226499319076538, 0.8130483627319336, -0.46649831533432007, 0.9983546733856201
0.5476804375648499, 0.8198673725128174, -0.47908979654312134, 0.9984937310218811
0.6730909943580627, 0.9240875840187073, -0.8979185819625854, 0.9895411729812622
0.6075049638748169, 0.9280050992965698, -0.9024453163146973, 0.9913908839225769
0.8448914289474487, 1.1246572732925415, -0.34392255544662476, 0.4257473647594452
0.43229156732559204, 1.1767090559005737, -0.26147347688674927, 0.47372496128082275
0.9191166162490845, 1.230841875076294, -0.9149935841560364, 0.06578311324119568
0.3237462043762207, 1.300477147102356, -0.7930915951728821, 0.07434681802988052
0.7803410887718201, 1.1134583950042725, -1.4016484022140503, 0.032744068652391434
0.44779616594314575, 1.0800799131393433, -1.4376046657562256, 0.04315958172082901
0.7594147324562073, 1.0779235363006592, -1.53963041305542, 0.05858572572469711
0.4858147203922272, 1.0300449132919312, -1.5867935419082642, 0.07247816771268845
0.7479602694511414, 1.0624765157699585, -1.4940102100372314, 0.07991519570350647
0.47483450174331665, 1.00307035446167, -1.541365385055542, 0.09953382611274719
0.7493324279785156, 1.0811331272125244, -1.4117511510849, 0.07810556143522263
0.46380382776260376, 1.0303664207458496, -1.4531748294830322, 0.09136335551738739
0.7851963043212891, 2.001527786254883, -0.12397795915603638, 0.000750468869227916
0.5231590867042542, 2.0014889240264893, 0.12904149293899536, 0.0007441568886861205
0.7659732103347778, 2.357455015182495, -0.599523663520813, 0.007241223938763142
0.4050222337245941, 2.3062636852264404, -0.42231568694114685, 0.0073448410257697105
0.7716947793960571, 2.9024500846862793, -0.16047808527946472, 0.0006839623674750328
0.498004674911499, 2.848253011703491, -0.14793333411216736, 0.0003882475139107555
0.7832862138748169, 3.0112497806549072, -0.15131501853466034, 0.0005194255500100553
0.5226377844810486, 2.930999279022217, -0.1444396674633026, 0.0003296116483397782
0.7329670190811157, 2.9893264770507812, -0.747477114200592, 0.0021190226543694735
0.48008498549461365, 2.979126453399658, -0.66323322057724, 0.001445253030396998
