0.5658832788467407, 0.7400503158569336, -1.3896002769470215, 0.9988595247268677
0.5888118743896484, 0.6622642278671265, -1.3230854272842407, 0.9976108074188232
0.6067525148391724, 0.6627074480056763, -1.3235026597976685, 0.9975183010101318
0.623587429523468, 0.663309633731842, -1.3235042095184326, 0.9964040517807007
0.5329175591468811, 0.6629221439361572, -1.3385815620422363, 0.9983553290367126
0.5109463334083557, 0.664071798324585, -1.338686227798462, 0.9986735582351685
0.49262434244155884, 0.6654641628265381, -1.3393285274505615, 0.9986458420753479
0.6486806869506836, 0.6807897090911865, -0.8400905728340149, 0.9964931607246399
0.4562775194644928, 0.6897659301757812, -0.9044522047042847, 0.9989705085754395
0.5900453329086304, 0.8120599985122681, -1.1991665363311768, 0.9982051849365234
0.527534008026123, 0.8080301284790039, -1.2192438840866089, 0.9991924166679382
0.7744437456130981, 1.0048809051513672, -0.4627261161804199, 0.9628223776817322
0.3231264650821686, 0.9905324578285217, -0.5414887070655823, 0.9877455830574036
0.8764362335205078, 1.340812087059021, -0.3607616424560547, 0.09503837674856186
0.24657604098320007, 1.4114793539047241, -0.4315006136894226, 0.1906897872686386
0.8443748354911804, 1.5963482856750488, -0.7728382349014282, 0.015622024424374104
0.28112390637397766, 1.674928069114685, -0.9299640655517578, 0.03949594870209694
0.8517247438430786, 1.6957865953445435, -0.8783749341964722, 0.02554960921406746
0.2814357280731201, 1.7840429544448853, -1.0717376470565796, 0.06162017583847046
0.8213926553726196, 1.6709164381027222, -0.9544491767883301, 0.03724310174584389
0.30769938230514526, 1.7502408027648926, -1.1472095251083374, 0.09798099845647812
0.8070442080497742, 1.6273843050003052, -0.8206818699836731, 0.033048130571842194
0.31733182072639465, 1.70482337474823, -0.9776244163513184, 0.08336944878101349
0.6964610815048218, 1.764367699623108, -0.043996039777994156, 0.0007380585302598774
0.4096601605415344, 1.7604315280914307, 0.048638492822647095, 0.0007362481555901468
0.6787139177322388, 2.337031841278076, -0.2627280652523041, 0.005626115016639233
0.41851192712783813, 2.3151700496673584, -0.2538229525089264, 0.0017578128026798368
0.6946557760238647, 2.903021812438965, 0.2689230144023895, 0.00021648334222845733
0.4400845468044281, 2.881755828857422, 0.08011330664157867, 0.00013416992442216724
0.6997714042663574, 3.000220775604248, 0.2830285429954529, 9.770012547960505e-05
0.43902820348739624, 2.9757184982299805, 0.08532700687646866, 0.00017116026720032096
0.6601696014404297, 3.0810022354125977, -0.3563384413719177, 0.0004547132411971688
0.4845033586025238, 3.060063362121582, -0.5851929187774658, 0.0007149779121391475
0.5664348006248474, 0.7382498979568481, -1.3897954225540161, 0.9988337755203247
0.5888170003890991, 0.6600691676139832, -1.319521188735962, 0.9975331425666809
0.60652756690979, 0.6600447297096252, -1.319966435432434, 0.9974679946899414
0.6233323812484741, 0.660180389881134, -1.3199833631515503, 0.9962390065193176
0.5329228639602661, 0.6602452993392944, -1.3376257419586182, 0.9983234405517578
0.5109763741493225, 0.6607497930526733, -1.3377517461776733, 0.9986714720726013
0.4926726222038269, 0.6624512076377869, -1.3384150266647339, 0.9986280798912048
0.6459457874298096, 0.6775770783424377, -0.8245728611946106, 0.9963751435279846
0.45661839842796326, 0.6872497797012329, -0.9040983319282532, 0.9989858269691467
0.5904067754745483, 0.8092320561408997, -1.1991653442382812, 0.9981446862220764
0.5277724862098694, 0.8077036738395691, -1.2210272550582886, 0.9991893768310547
0.7738853693008423, 1.004522681236267, -0.4610145092010498, 0.9601105451583862
0.31987863779067993, 0.9902519583702087, -0.5558692812919617, 0.9876599907875061
0.8764328956604004, 1.3408008813858032, -0.453479528427124, 0.09108549356460571
0.22445270419120789, 1.4282883405685425, -0.45135560631752014, 0.1934383511543274
0.8406496047973633, 1.5821585655212402, -0.997451901435852, 0.015037747099995613
0.2721499800682068, 1.7229864597320557, -0.8898096084594727, 0.03891250491142273
0.8438948392868042, 1.6742385625839233, -1.1232082843780518, 0.024891799315810204
0.2749267518520355, 1.8409076929092407, -1.0184792280197144, 0.06053559109568596
0.8164308667182922, 1.6447657346725464, -1.1769988536834717, 0.03619208559393883
0.3033068776130676, 1.807949185371399, -1.0875041484832764, 0.09613247215747833
0.8024606704711914, 1.6060553789138794, -1.0406352281570435, 0.032084424048662186
0.3125919997692108, 1.7595305442810059, -0.9316951036453247, 0.0821409672498703
0.6947122812271118, 1.792366862297058, -0.043088991194963455, 0.0007851049886085093
0.40297335386276245, 1.7916324138641357, 0.04776810109615326, 0.0007860574405640364
0.6816317439079285, 2.3389036655426025, -0.4739960730075836, 0.0059022982604801655
0.4187069833278656, 2.3220200538635254, -0.43290090560913086, 0.001871626009233296
0.6990995407104492, 2.9051496982574463, 0.12215884029865265, 0.00023112267081160098
0.4428948760032654, 2.8890128135681152, -0.05592581629753113, 0.00013885209045838565
0.7026371359825134, 3.001260995864868, 0.14263471961021423, 0.00010742642189143226
0.44107532501220703, 2.984107494354248, -0.04793800413608551, 0.00017524231225252151
0.6664196848869324, 3.0922327041625977, -0.48801326751708984, 0.0004829106037504971
0.48996418714523315, 3.0715553760528564, -0.7066153287887573, 0.0007341307937167585
0.567313551902771, 0.7377229928970337, -1.404602289199829, 0.9988348484039307
0.5890434980392456, 0.6592887043952942, -1.3264471292495728, 0.9975655674934387
0.6065748929977417, 0.6591247320175171, -1.3269059658050537, 0.9975104331970215
0.6233596205711365, 0.6590898633003235, -1.3269274234771729, 0.996265172958374
0.5330266356468201, 0.6589127779006958, -1.3492252826690674, 0.9983476400375366
0.5110661387443542, 0.6589362621307373, -1.3494194746017456, 0.9986981749534607
0.4927094578742981, 0.6606111526489258, -1.3500392436981201, 0.9986451268196106
0.6455516219139099, 0.676028311252594, -0.8205188512802124, 0.9964404702186584
0.45665988326072693, 0.6849384903907776, -0.9098456501960754, 0.9990116357803345
0.5909399390220642, 0.8083602786064148, -1.2057818174362183, 0.9981318712234497
0.5281344056129456, 0.8076890707015991, -1.2347526550292969, 0.9991877675056458
0.7722523808479309, 1.0029776096343994, -0.4563857614994049, 0.9579503536224365
0.31446829438209534, 0.988991916179657, -0.5585083961486816, 0.9869053959846497
0.8714455366134644, 1.333873987197876, -0.46617788076400757, 0.0883789137005806
0.2204858958721161, 1.4274667501449585, -0.49109840393066406, 0.19330625236034393
0.8292747735977173, 1.5375888347625732, -1.0148507356643677, 0.01487625390291214
0.2707346975803375, 1.6931493282318115, -0.9488727450370789, 0.03822317719459534
0.8296161890029907, 1.6204073429107666, -1.1368387937545776, 0.024955004453659058
0.2748242914676666, 1.7977696657180786, -1.0735915899276733, 0.05972743034362793
0.8049479722976685, 1.5837539434432983, -1.1902306079864502, 0.03614712879061699
0.30147093534469604, 1.755535364151001, -1.1277042627334595, 0.09464352577924728
0.7923530340194702, 1.548730492591858, -1.056624412536621, 0.03198203444480896
0.30970773100852966, 1.71219801902771, -0.9853852987289429, 0.08098184317350388
0.6921581625938416, 1.7934472560882568, -0.04187498241662979, 0.0008389432914555073
0.3990323543548584, 1.7942496538162231, 0.04650486260652542, 0.0008303195354528725
0.6818134188652039, 2.3387186527252197, -0.47072726488113403, 0.00644161831587553
0.41826844215393066, 2.3246498107910156, -0.41848787665367126, 0.0020600254647433758
0.699052631855011, 2.9051218032836914, 0.13019652664661407, 0.000253259961027652
0.4428788125514984, 2.893946409225464, -0.05403243377804756, 0.00015333565534092486
0.7024174928665161, 3.0004515647888184, 0.15157625079154968, 0.00012028970377286896
0.44105952978134155, 2.988506555557251, -0.047162968665361404, 0.00018887089390773326
0.6668359041213989, 3.095580577850342, -0.4747313857078552, 0.0005307270912453532
0.49002569913864136, 3.08103084564209, -0.7094514966011047, 0.0007932946318760514
0.5679508447647095, 0.7369385957717896, -1.3699183464050293, 0.9988598823547363
0.5890814065933228, 0.6584118008613586, -1.2930622100830078, 0.9976322054862976
0.6065574884414673, 0.6581258177757263, -1.2935423851013184, 0.9975913763046265
0.623327910900116, 0.6580215096473694, -1.2935892343521118, 0.9963676333427429
0.533068060874939, 0.6578471064567566, -1.3155899047851562, 0.9983949065208435
0.5111595392227173, 0.6577067971229553, -1.3157150745391846, 0.9987402558326721
0.49279680848121643, 0.6594855785369873, -1.3163131475448608, 0.9986841082572937
0.6445094347000122, 0.6750211119651794, -0.7962303757667542, 0.9965674877166748
0.4567435383796692, 0.6839434504508972, -0.885930061340332, 0.9990530014038086
0.5912662148475647, 0.8068000078201294, -1.1768769025802612, 0.9981790781021118
0.5287317037582397, 0.807155191898346, -1.2049764394760132, 0.9992098808288574
0.7707563638687134, 1.0015488862991333, -0.4385665953159332, 0.9581807851791382
0.3137051463127136, 0.9889515042304993, -0.5534471273422241, 0.9870553612709045
0.8683757781982422, 1.314640760421753, -0.45889443159103394, 0.08551981300115585
0.2216537743806839, 1.4300100803375244, -0.49389058351516724, 0.20227934420108795
0.8272444605827332, 1.5053825378417969, -1.015496850013733, 0.014810931868851185
0.2700820863246918, 1.6960866451263428, -0.9462049603462219, 0.03927384689450264
0.8294457197189331, 1.5875189304351807, -1.1416364908218384, 0.0251475777477026
0.2733190655708313, 1.8020304441452026, -1.0726279020309448, 0.06055791303515434
0.8037288784980774, 1.5513046979904175, -1.1966907978057861, 0.03631690517067909
0.30005156993865967, 1.7610117197036743, -1.1287333965301514, 0.09552361816167831
0.7907592058181763, 1.5184532403945923, -1.0584096908569336, 0.032019417732954025
0.30902498960494995, 1.7171720266342163, -0.9844695329666138, 0.08205104619264603
0.6930310130119324, 1.792618989944458, -0.0400501973927021, 0.0009378630202263594
0.3996489346027374, 1.7961678504943848, 0.04461419954895973, 0.000909568218048662
0.6865428686141968, 2.3383026123046875, -0.4795593321323395, 0.007764531299471855
0.4258248805999756, 2.3297247886657715, -0.4023507237434387, 0.0025294602382928133
0.7152982950210571, 2.908478021621704, 0.00042897401726804674, 0.0003206212422810495
0.4617246985435486, 2.9039499759674072, -0.1367930769920349, 0.00017629427020438015
0.7192375659942627, 3.005276679992676, 0.00785814132541418, 0.00015407968021463603
0.46086373925209045, 2.9994075298309326, -0.14086906611919403, 0.00021493143867701292
0.6871225237846375, 3.098041296005249, -0.6326073408126831, 0.0006267607677727938
0.5116130709648132, 3.0892274379730225, -0.7959513068199158, 0.0008753514266572893
0.5685495734214783, 0.736761748790741, -1.3716157674789429, 0.998834490776062
0.5891469120979309, 0.6582466959953308, -1.2966368198394775, 0.9975699782371521
0.6065641641616821, 0.6579388976097107, -1.297105312347412, 0.9975351095199585
0.6233288049697876, 0.6578447818756104, -1.2971446514129639, 0.9962244033813477
0.533251166343689, 0.6574162244796753, -1.3174307346343994, 0.9983804225921631
0.5114895105361938, 0.6571400165557861, -1.3175324201583862, 0.9987362027168274
0.4930678904056549, 0.6588147282600403, -1.318129539489746, 0.9986711740493774
0.6438679099082947, 0.6747221350669861, -0.7992030382156372, 0.9964364171028137
0.45678943395614624, 0.6830910444259644, -0.8872027397155762, 0.9990698099136353
0.5914800763130188, 0.806509256362915, -1.1792417764663696, 0.9980804324150085
0.5295363664627075, 0.8071132898330688, -1.2052195072174072, 0.999190628528595
0.7685072422027588, 0.9995891451835632, -0.43980154395103455, 0.9547195434570312
0.31269142031669617, 0.9888993501663208, -0.5661888122558594, 0.9866164326667786
0.8682178258895874, 1.2843492031097412, -0.5304081439971924, 0.08226947486400604
0.21862474083900452, 1.4338433742523193, -0.5549999475479126, 0.2060268372297287
0.8225458264350891, 1.4210478067398071, -1.155468463897705, 0.014897864311933517
0.26947733759880066, 1.6953868865966797, -1.0264852046966553, 0.039923522621393204
0.8238252401351929, 1.4895251989364624, -1.29131019115448, 0.02584807202219963
0.2732662558555603, 1.801833987236023, -1.1560983657836914, 0.06135960668325424
0.7975825667381287, 1.4479172229766846, -1.333297610282898, 0.03720613941550255
0.2999725043773651, 1.758934497833252, -1.2096320390701294, 0.09637786448001862
0.7859356999397278, 1.4208112955093384, -1.1949023008346558, 0.03257640823721886
0.30881649255752563, 1.7152553796768188, -1.0623562335968018, 0.08297678828239441
0.6937549114227295, 1.7922794818878174, -0.036195866763591766, 0.0009306948049925268
0.39980611205101013, 1.797607421875, 0.040772803127765656, 0.00090696761617437
0.6881924867630005, 2.339052677154541, -0.397736132144928, 0.007861629128456116
0.42683345079421997, 2.3351054191589355, -0.3768341839313507, 0.0025870217941701412
0.7157164812088013, 2.910107135772705, 0.09146542847156525, 0.0003258429351262748
0.46146392822265625, 2.9089932441711426, -0.10148750245571136, 0.00018131162505596876
0.719238817691803, 3.006890058517456, 0.09523748606443405, 0.00015585648361593485
0.46009498834609985, 3.0037941932678223, -0.10295996814966202, 0.00021821465634275228
0.6883987784385681, 3.0997159481048584, -0.5020137429237366, 0.0006408241461031139
0.512512743473053, 3.0949952602386475, -0.7857674360275269, 0.0008949062321335077
0.5685842037200928, 0.7361642718315125, -1.303459882736206, 0.9987662434577942
0.5892399549484253, 0.6578036546707153, -1.2307939529418945, 0.9974650144577026
0.6066593527793884, 0.6576371788978577, -1.2312692403793335, 0.9974161982536316
0.6233924627304077, 0.6576963067054749, -1.2313257455825806, 0.9960493445396423
0.5332911610603333, 0.6567248106002808, -1.251079797744751, 0.9983282685279846
0.5116208791732788, 0.6564239263534546, -1.2512239217758179, 0.998691976070404
0.4931372106075287, 0.6581030488014221, -1.2518446445465088, 0.9986327290534973
0.643997073173523, 0.6747309565544128, -0.7478646039962769, 0.9962935447692871
0.45684298872947693, 0.6821040511131287, -0.8309524655342102, 0.9990573525428772
0.5915341973304749, 0.8059298396110535, -1.1166304349899292, 0.997977077960968
0.5295723676681519, 0.8064714074134827, -1.1415526866912842, 0.9991534352302551
0.7673918604850769, 0.9967113137245178, -0.39920878410339355, 0.951801598072052
0.31408631801605225, 0.987301230430603, -0.5225068926811218, 0.986305296421051
0.8701898455619812, 1.2563811540603638, -0.5177991390228271, 0.0797697976231575
0.2253303825855255, 1.4302986860275269, -0.5506356954574585, 0.21107596158981323
0.8265002369880676, 1.3932782411575317, -1.0386035442352295, 0.015055580995976925
0.27274662256240845, 1.6878621578216553, -0.9800365567207336, 0.0412355475127697
0.8286935091018677, 1.4608241319656372, -1.162013292312622, 0.02650878019630909
0.2760644555091858, 1.7930587530136108, -1.0976569652557373, 0.0631522536277771
0.8031485676765442, 1.4184356927871704, -1.2191712856292725, 0.037977032363414764
0.30123257637023926, 1.7485957145690918, -1.156341791152954, 0.09851451963186264
0.7911544442176819, 1.3929780721664429, -1.0817301273345947, 0.03317776694893837
0.31096112728118896, 1.7061302661895752, -1.015015959739685, 0.08510980755090714
0.6937757730484009, 1.7920719385147095, -0.03608435392379761, 0.000961858022492379
0.4011349678039551, 1.7963027954101562, 0.04065407067537308, 0.0009375789668411016
0.6885614991188049, 2.327584981918335, -0.4098963141441345, 0.008332787081599236
0.4270005226135254, 2.327749013900757, -0.372874915599823, 0.0028807208873331547
0.7184659242630005, 2.9039080142974854, 0.045485831797122955, 0.0003504797350615263
0.4636317789554596, 2.9046475887298584, -0.11887238174676895, 0.00019805325428023934
0.7227199673652649, 2.9999077320098877, 0.04985596239566803, 0.0001690462522674352
0.4625571668148041, 2.9976654052734375, -0.12304671853780746, 0.00023793175932951272
0.6915186047554016, 3.0913636684417725, -0.5632837414741516, 0.0006735026254318655
0.5134502053260803, 3.092371940612793, -0.7680568695068359, 0.0009419323760084808
0.5686280131340027, 0.7358662486076355, -1.3029887676239014, 0.9987376928329468
0.5893309116363525, 0.6576131582260132, -1.2309682369232178, 0.9974288940429688
0.6067604422569275, 0.6575183272361755, -1.2314316034317017, 0.9973633885383606
0.6234568953514099, 0.6576526165008545, -1.2314727306365967, 0.9959928393363953
0.5333155393600464, 0.6564076542854309, -1.2515137195587158, 0.9983099102973938
0.5117006897926331, 0.6561076045036316, -1.2516553401947021, 0.9986699223518372
0.49318021535873413, 0.6577847003936768, -1.2522729635238647, 0.9986193180084229
0.644110381603241, 0.6747753620147705, -0.7498353719711304, 0.9962304830551147
0.4568731188774109, 0.6816999316215515, -0.8336738348007202, 0.9990477561950684
0.5916455984115601, 0.8056585192680359, -1.1164491176605225, 0.9979231357574463
0.5296437740325928, 0.8061819672584534, -1.1417806148529053, 0.9991277456283569
0.7665082216262817, 0.9949720501899719, -0.39404064416885376, 0.9501025676727295
0.31731361150741577, 0.9870585799217224, -0.5178642868995667, 0.9859139323234558
0.8701322674751282, 1.2607342004776, -0.41667142510414124, 0.07726842910051346
0.23321184515953064, 1.427704930305481, -0.4856620728969574, 0.21583330631256104
0.826887309551239, 1.4268089532852173, -0.8894098997116089, 0.015086711384356022
0.27643531560897827, 1.6844127178192139, -0.8603722453117371, 0.04210726544260979
0.8305007815361023, 1.502858281135559, -0.9974510073661804, 0.026805253699421883
0.2790622115135193, 1.7894043922424316, -0.9739874601364136, 0.06429927796125412
0.8046776056289673, 1.4648444652557373, -1.0508229732513428, 0.038276541978120804
0.3029787540435791, 1.7463618516921997, -1.0413159132003784, 0.099866583943367
0.7922354936599731, 1.435125708580017, -0.9295441508293152, 0.03343803435564041
0.3130112290382385, 1.7039140462875366, -0.8993037343025208, 0.08661329001188278
0.6943975687026978, 1.7899640798568726, -0.03612430393695831, 0.0009766804287210107
0.40485525131225586, 1.796127200126648, 0.04069286584854126, 0.0009481090237386525
0.6885432600975037, 2.324774742126465, -0.398333877325058, 0.008552663028240204
0.4280434548854828, 2.325256109237671, -0.36382827162742615, 0.0030606179498136044
0.7193992733955383, 2.9021809101104736, 0.07775388658046722, 0.00036042105057276785
0.46645522117614746, 2.9033217430114746, -0.08909530937671661, 0.00020955326908733696
0.72397780418396, 2.998220682144165, 0.08465166389942169, 0.00017369921260979027
0.46618419885635376, 2.9957032203674316, -0.09159433096647263, 0.000250668526859954
0.6937707662582397, 3.0875558853149414, -0.5312010049819946, 0.0006934743723832071
0.5147978067398071, 3.091052770614624, -0.7361234426498413, 0.000978107564151287
0.5687204599380493, 0.7358183264732361, -1.2982679605484009, 0.9987471699714661
0.5894061326980591, 0.6575765609741211, -1.2243908643722534, 0.9974648356437683
0.606819748878479, 0.6575093865394592, -1.2248460054397583, 0.9973932504653931
0.6234785318374634, 0.6576634645462036, -1.2248709201812744, 0.9960562586784363
0.5333822965621948, 0.6562808156013489, -1.2458009719848633, 0.9983340501785278
0.511809229850769, 0.6559726595878601, -1.2458750009536743, 0.9986842274665833
0.49325600266456604, 0.6576262712478638, -1.246496319770813, 0.9986407160758972
0.6441299915313721, 0.6749870181083679, -0.7397478222846985, 0.996280312538147
0.4568933844566345, 0.6814888119697571, -0.8274704813957214, 0.9990585446357727
0.5918089151382446, 0.8055605292320251, -1.1108458042144775, 0.9979326725006104
0.5298283100128174, 0.806080162525177, -1.137277603149414, 0.9991274476051331
0.7659591436386108, 0.9947866201400757, -0.3834553360939026, 0.9499567151069641
0.3192453980445862, 0.9865983724594116, -0.5131875276565552, 0.9858962893486023
0.8687378764152527, 1.2674609422683716, -0.3638579249382019, 0.07477056235074997
0.2379295825958252, 1.4223467111587524, -0.45398154854774475, 0.21866561472415924
0.8272541761398315, 1.445534586906433, -0.8269068002700806, 0.015019296668469906
0.2771884500980377, 1.6762447357177734, -0.8394390344619751, 0.04298093914985657
0.8316256403923035, 1.5246832370758057, -0.9379016160964966, 0.02677059918642044
0.2791786789894104, 1.7799468040466309, -0.9604088068008423, 0.06519459187984467
0.8050800561904907, 1.4872573614120483, -0.9957631230354309, 0.03818259388208389
0.3029934763908386, 1.74073326587677, -1.034143090248108, 0.10107339173555374
0.7922968864440918, 1.4552234411239624, -0.870380699634552, 0.033393874764442444
0.3130444586277008, 1.6984552145004272, -0.8825990557670593, 0.08793145418167114
0.695458710193634, 1.7870060205459595, -0.03612828999757767, 0.0009942109463736415
0.407797634601593, 1.7950217723846436, 0.04069887101650238, 0.00096334726549685
0.6885141730308533, 2.3250696659088135, -0.3905751407146454, 0.008788151666522026
0.4316736161708832, 2.325211524963379, -0.3478584885597229, 0.003162075998261571
0.7213200330734253, 2.903029203414917, 0.09213469177484512, 0.0003719715168699622
0.46962112188339233, 2.9034314155578613, -0.07759100198745728, 0.00021368608577176929
0.7265347242355347, 2.9996438026428223, 0.09905561059713364, 0.00017951388144865632
0.46949225664138794, 2.996614694595337, -0.08011604845523834, 0.00025599604123272
0.6956060528755188, 3.0875284671783447, -0.5268169641494751, 0.000715847359970212
0.5169991850852966, 3.0904130935668945, -0.7288777828216553, 0.0009972529951483011
0.5687931776046753, 0.7358057498931885, -1.3101446628570557, 0.9987716674804688
0.5894606113433838, 0.6575000286102295, -1.237048864364624, 0.9975212216377258
0.6068719625473022, 0.6574481129646301, -1.2375059127807617, 0.9974545836448669
0.6235085725784302, 0.6576261520385742, -1.2375328540802002, 0.9961533546447754
0.5334052443504333, 0.6561868190765381, -1.256845235824585, 0.9983691573143005
0.511846661567688, 0.6558870077133179, -1.256967306137085, 0.9987118244171143
0.49326545000076294, 0.6575415134429932, -1.2575836181640625, 0.998668372631073
0.644213080406189, 0.6749987006187439, -0.7505179047584534, 0.9963685274124146
0.4568914473056793, 0.6813348531723022, -0.8318443298339844, 0.9990791082382202
0.5920087099075317, 0.8055372834205627, -1.1214216947555542, 0.9979770183563232
0.5299673080444336, 0.8060712814331055, -1.1454896926879883, 0.9991447925567627
0.7659589052200317, 0.9947999119758606, -0.3921941816806793, 0.950520396232605
0.3198221027851105, 0.9864985346794128, -0.5251018404960632, 0.9860185384750366
0.8671234250068665, 1.2843029499053955, -0.3563394546508789, 0.0735633447766304
0.23909738659858704, 1.4222689867019653, -0.44245538115501404, 0.2193320244550705
0.8276960253715515, 1.5073670148849487, -0.8074620962142944, 0.014844918623566628
0.27754688262939453, 1.6803040504455566, -0.8094539642333984, 0.04263054579496384
0.8336723446846008, 1.5970685482025146, -0.9163448214530945, 0.026419349014759064
0.27934980392456055, 1.7859447002410889, -0.9288584589958191, 0.06434966623783112
0.8072313070297241, 1.569543480873108, -0.9806985855102539, 0.03765454515814781
0.30300769209861755, 1.7511619329452515, -1.006766438484192, 0.09980609267950058
0.7933154106140137, 1.532524585723877, -0.8534725308418274, 0.03300634026527405
0.31305429339408875, 1.7075210809707642, -0.8541461229324341, 0.08708246797323227
0.6960880756378174, 1.7865546941757202, -0.03478320688009262, 0.0010301170405000448
0.4084080755710602, 1.7939833402633667, 0.03932405263185501, 0.0009969493839889765
0.6886683702468872, 2.335503578186035, -0.3603963255882263, 0.009245659224689007
0.431976854801178, 2.335204839706421, -0.3346595764160156, 0.0032693296670913696
0.7216640114784241, 2.9148950576782227, 0.0964975506067276, 0.00039673465653322637
0.4691256582736969, 2.9135963916778564, -0.06796129792928696, 0.0002210374514106661
0.7270489931106567, 3.013169288635254, 0.10735152661800385, 0.00019185172277502716
0.46898841857910156, 3.0087716579437256, -0.06943241506814957, 0.0002642386534716934
0.6957681179046631, 3.0962862968444824, -0.5156692266464233, 0.0007539408397860825
0.5163996815681458, 3.0944297313690186, -0.7216199636459351, 0.0010223255958408117
0.5689207315444946, 0.7357998490333557, -1.2983450889587402, 0.9987646341323853
0.5895260572433472, 0.6574953198432922, -1.2261924743652344, 0.9974921345710754
0.6069163680076599, 0.6574516892433167, -1.2266309261322021, 0.9974188804626465
0.6235247850418091, 0.6576458811759949, -1.226621389389038, 0.9961048364639282
0.5335068702697754, 0.6561805605888367, -1.2473194599151611, 0.9983570575714111
0.5119776129722595, 0.6558817028999329, -1.2473924160003662, 0.9987000823020935
0.49334192276000977, 0.6575310230255127, -1.2480251789093018, 0.9986589550971985
0.6442266702651978, 0.6750556230545044, -0.747683584690094, 0.996304452419281
0.45690178871154785, 0.6812892556190491, -0.8338853716850281, 0.9990704655647278
0.5921680927276611, 0.8055264949798584, -1.1133161783218384, 0.9979435801506042
0.5302256941795349, 0.8060608506202698, -1.1393139362335205, 0.999135434627533
0.7654845118522644, 0.9947391152381897, -0.39149484038352966, 0.9498786330223083
0.32088151574134827, 0.9863582849502563, -0.5260592103004456, 0.9858759641647339
0.8673415184020996, 1.283456802368164, -0.3639403283596039, 0.07129286974668503
0.24053692817687988, 1.4221370220184326, -0.45443663001060486, 0.2189643234014511
0.8385797739028931, 1.5011075735092163, -0.8324031829833984, 0.014971401542425156
0.27786681056022644, 1.682366967201233, -0.8339282274246216, 0.04311586916446686
0.8507314920425415, 1.5876314640045166, -0.9438494443893433, 0.026857487857341766
0.27935224771499634, 1.789155125617981, -0.9596067667007446, 0.0651172325015068
0.8240556716918945, 1.5607056617736816, -1.0055204629898071, 0.03825235366821289
0.3030816614627838, 1.7550017833709717, -1.032077670097351, 0.10098081827163696
0.8069966435432434, 1.526955246925354, -0.8774933815002441, 0.03355235606431961
0.31335896253585815, 1.7114715576171875, -0.8769931793212891, 0.08839693665504456
0.6969166994094849, 1.7861332893371582, -0.03379816561937332, 0.001027704798616469
0.4102819561958313, 1.7932510375976562, 0.03835000842809677, 0.000990073080174625
0.6897713541984558, 2.3360111713409424, -0.35214337706565857, 0.00939179677516222
0.4370655119419098, 2.3355135917663574, -0.3284201920032501, 0.003326055593788624
0.7257229685783386, 2.9159364700317383, 0.10646750777959824, 0.0004051714495290071
0.47489863634109497, 2.9133613109588623, -0.0628880187869072, 0.00022190689924173057
0.7315900325775146, 3.0141825675964355, 0.11690068244934082, 0.0001956014457391575
0.4744775891304016, 3.0083649158477783, -0.06420457363128662, 0.0002659606980159879
0.6999605894088745, 3.09668231010437, -0.5082035660743713, 0.0007696874090470374
0.5217502117156982, 3.093590259552002, -0.7173500657081604, 0.0010265783639624715
0.5689314007759094, 0.7357929944992065, -1.2925187349319458, 0.998729944229126
0.5895376801490784, 0.6574919819831848, -1.2200615406036377, 0.9974011182785034
0.6069344282150269, 0.6574674248695374, -1.2205116748809814, 0.9973183870315552
0.6235381364822388, 0.6577051877975464, -1.2204793691635132, 0.9959524869918823
0.5335176587104797, 0.6561600565910339, -1.2413944005966187, 0.9983131289482117
0.5119913816452026, 0.6558595299720764, -1.2414631843566895, 0.9986650943756104
0.4933536648750305, 0.6575066447257996, -1.2421181201934814, 0.9986281991004944
0.6442918181419373, 0.675223171710968, -0.7426548004150391, 0.9961352944374084
0.4569077491760254, 0.6812596917152405, -0.8294050097465515, 0.9990514516830444
0.5922242403030396, 0.805526852607727, -1.1078670024871826, 0.9978702068328857
0.5302855372428894, 0.8060505390167236, -1.1339882612228394, 0.9991167187690735
0.7653952836990356, 0.994624137878418, -0.38924890756607056, 0.9489006400108337
0.3214331567287445, 0.9863730072975159, -0.5260201096534729, 0.9858706593513489
0.869871973991394, 1.2830145359039307, -0.3731456398963928, 0.06900213658809662
0.24087905883789062, 1.4236708879470825, -0.45587047934532166, 0.22113828361034393
0.8435807228088379, 1.4966042041778564, -0.8962600827217102, 0.014983832836151123
0.27997973561286926, 1.6963648796081543, -0.8500279188156128, 0.044142693281173706
0.8561152219772339, 1.5817445516586304, -1.0191762447357178, 0.027099350467324257
0.28150278329849243, 1.8076850175857544, -0.9760066270828247, 0.0663524717092514
0.828545868396759, 1.5533760786056519, -1.0770231485366821, 0.038579024374485016
0.3063032925128937, 1.773379921913147, -1.0479158163070679, 0.10285274684429169
0.8113759756088257, 1.5215226411819458, -0.9424578547477722, 0.0338560976088047
0.3167199492454529, 1.7288203239440918, -0.893125057220459, 0.09030896425247192
0.6991249918937683, 1.7873224020004272, -0.033622466027736664, 0.0010232299100607634
0.41266244649887085, 1.7959827184677124, 0.038195472210645676, 0.0009859020356088877
0.6921309232711792, 2.3391225337982178, -0.3506220579147339, 0.009503780864179134
0.44244593381881714, 2.3375096321105957, -0.32823118567466736, 0.0033850823529064655
0.730431854724884, 2.919889211654663, 0.11197860538959503, 0.00041170098120346665
0.480113685131073, 2.9149580001831055, -0.06013133376836777, 0.0002213690459029749
0.7366695404052734, 3.0181021690368652, 0.12163287401199341, 0.00019888937822543085
0.4791277050971985, 3.0099542140960693, -0.06128627061843872, 0.00026692470419220626
0.704161524772644, 3.1001057624816895, -0.5047085881233215, 0.0007798088481649756
0.5276902318000793, 3.094296932220459, -0.7141315937042236, 0.0010281081777065992
0.5689333081245422, 0.7360450625419617, -1.290657639503479, 0.9987266659736633
0.5895504355430603, 0.6578006744384766, -1.216781735420227, 0.99741131067276
0.6069409251213074, 0.65782630443573, -1.2172412872314453, 0.9973236322402954
0.6235462427139282, 0.6581429243087769, -1.2172400951385498, 0.9959579110145569
0.5335255265235901, 0.6563907861709595, -1.2382044792175293, 0.998324990272522
0.5120037198066711, 0.6561235189437866, -1.2383053302764893, 0.9986730813980103
0.493364155292511, 0.6577741503715515, -1.238943338394165, 0.998638927936554
0.6444012522697449, 0.6756758093833923, -0.7321763038635254, 0.9961515665054321
0.45692938566207886, 0.6814050674438477, -0.8194290399551392, 0.9990661144256592
0.592272162437439, 0.8057660460472107, -1.103459119796753, 0.9978587031364441
0.5303791165351868, 0.8062515258789062, -1.1297543048858643, 0.9991140961647034
0.7651128172874451, 0.994606614112854, -0.3779006898403168, 0.9481617212295532
0.32193195819854736, 0.9863749146461487, -0.5174168944358826, 0.9858879446983337
0.8698678016662598, 1.2737072706222534, -0.39378827810287476, 0.06719276309013367
0.2408992350101471, 1.4236317873001099, -0.4834832549095154, 0.2269502878189087
0.8434280157089233, 1.4552525281906128, -0.9538423418998718, 0.015088772401213646
0.2800309360027313, 1.6958680152893066, -0.917566180229187, 0.04534083604812622
0.8556659817695618, 1.5322461128234863, -1.0783579349517822, 0.02757575549185276
0.2814973294734955, 1.806936502456665, -1.0422072410583496, 0.06790292263031006
0.8279507756233215, 1.4964148998260498, -1.1289441585540771, 0.039180856198072433
0.3063375949859619, 1.7722129821777344, -1.1123980283737183, 0.1048191636800766
0.8109723329544067, 1.4689440727233887, -0.9964791536331177, 0.034288208931684494
0.3168914020061493, 1.7277377843856812, -0.9594606161117554, 0.09234468638896942
0.6993243098258972, 1.7880313396453857, -0.03363451361656189, 0.0010675695957615972
0.4133921265602112, 1.796621561050415, 0.038209009915590286, 0.001027380581945181
0.6924734711647034, 2.3331971168518066, -0.40314286947250366, 0.009960297495126724
0.44306644797325134, 2.331498622894287, -0.3553891181945801, 0.0036350747104734182
0.73149174451828, 2.916388511657715, 0.04009085148572922, 0.00043021488818340003
0.4810722768306732, 2.912118673324585, -0.11410341411828995, 0.00023225332552101463
0.7377167344093323, 3.0139803886413574, 0.044461630284786224, 0.00020771128765773028
0.4799581468105316, 3.0069358348846436, -0.11877669394016266, 0.0002805356925819069
0.7045916318893433, 3.0978987216949463, -0.5819125175476074, 0.0008054398931562901
0.5284751057624817, 3.093257188796997, -0.7599711418151855, 0.0010575890773907304
0.5688203573226929, 0.7362396121025085, -1.2966656684875488, 0.9987450242042542
0.5895159840583801, 0.6580999493598938, -1.2211462259292603, 0.9974314570426941
0.606899619102478, 0.6581906676292419, -1.2215814590454102, 0.9973565340042114
0.6235165596008301, 0.6585777997970581, -1.2215609550476074, 0.9959874153137207
0.5334888696670532, 0.6566721200942993, -1.2419140338897705, 0.9983417391777039
0.5120120644569397, 0.6564651131629944, -1.2419497966766357, 0.998691737651825
0.49336618185043335, 0.6581506133079529, -1.2426046133041382, 0.9986545443534851
0.6444630026817322, 0.6761583089828491, -0.7329732179641724, 0.9961636662483215
0.45694318413734436, 0.6816741228103638, -0.8232049942016602, 0.9990789890289307
0.5922913551330566, 0.8059665560722351, -1.108759880065918, 0.9978671669960022
0.5303934216499329, 0.8063572645187378, -1.133409023284912, 0.99912029504776
0.7650716304779053, 0.9947815537452698, -0.3815578520298004, 0.948506236076355
0.3222412168979645, 0.9864558577537537, -0.5176883935928345, 0.986177384853363
0.8696277737617493, 1.2750312089920044, -0.36119958758354187, 0.06578084826469421
0.24089565873146057, 1.4236069917678833, -0.4546024799346924, 0.23279349505901337
0.8433281779289246, 1.4557931423187256, -0.8407162427902222, 0.01506080199033022
0.2800658643245697, 1.6995024681091309, -0.8238183259963989, 0.04634425416588783
0.8552306890487671, 1.5355623960494995, -0.9498896598815918, 0.027415651828050613
0.28145337104797363, 1.8123282194137573, -0.9415479898452759, 0.06826521456241608
0.8274459838867188, 1.5057982206344604, -1.0084904432296753, 0.03893905505537987
0.30645158886909485, 1.780411958694458, -1.0202735662460327, 0.10524804145097733
0.810745894908905, 1.4770363569259644, -0.8843873739242554, 0.034107621759176254
0.3169882893562317, 1.7348910570144653, -0.8671534657478333, 0.09295353293418884
0.6995017528533936, 1.7888022661209106, -0.0335393026471138, 0.0010979328071698546
0.413386732339859, 1.796863317489624, 0.0381200797855854, 0.0010526935802772641
0.6920865774154663, 2.3385963439941406, -0.3837442696094513, 0.01015040185302496
0.4428151547908783, 2.333876609802246, -0.353537917137146, 0.003720542648807168
0.7311766743659973, 2.920867919921875, 0.05083588510751724, 0.00044538071961142123
0.47929614782333374, 2.915191650390625, -0.10029015690088272, 0.0002377244527451694
0.7374488711357117, 3.019388437271118, 0.060174357146024704, 0.00021586904767900705
0.4781058728694916, 3.0116801261901855, -0.10351266711950302, 0.00028764086891897023
0.7038568258285522, 3.102365016937256, -0.5577923059463501, 0.0008350303396582603
0.5270785689353943, 3.094695806503296, -0.753502607345581, 0.0010852767154574394
0.568800687789917, 0.7365376949310303, -1.29940927028656, 0.9987509846687317
0.5895206928253174, 0.6586028933525085, -1.2249690294265747, 0.9974197745323181
0.606901228427887, 0.6586990356445312, -1.2254064083099365, 0.997357964515686
0.6235183477401733, 0.6591101288795471, -1.2253806591033936, 0.9959617257118225
0.5334973335266113, 0.6571100354194641, -1.2454884052276611, 0.9983409643173218
0.5120437145233154, 0.6569469571113586, -1.2455365657806396, 0.9986976385116577
0.4933890700340271, 0.6586129665374756, -1.246189832687378, 0.9986567497253418
0.6446098685264587, 0.676628053188324, -0.7386162281036377, 0.9961336851119995
0.456979364156723, 0.6819707155227661, -0.8258476257324219, 0.9990866780281067
0.5923041105270386, 0.8062016367912292, -1.1120026111602783, 0.9978442192077637
0.5304120779037476, 0.8065429329872131, -1.1366627216339111, 0.9991210699081421
0.765128493309021, 0.9948760867118835, -0.3832247853279114, 0.94791579246521
0.3222971260547638, 0.9864526391029358, -0.5187349915504456, 0.9863739013671875
0.8701785206794739, 1.2759720087051392, -0.39747050404548645, 0.06380372494459152
0.24023452401161194, 1.4235647916793823, -0.4645666182041168, 0.2346963882446289
0.8449431657791138, 1.4604089260101318, -0.9503365755081177, 0.015162288211286068
0.28009527921676636, 1.7005741596221924, -0.8575358390808105, 0.047803688794374466
0.8580883145332336, 1.5413563251495361, -1.0745599269866943, 0.027806323021650314
0.28144705295562744, 1.8137340545654297, -0.9808071255683899, 0.07004521042108536
0.8292767405509949, 1.5108602046966553, -1.1313464641571045, 0.03951022028923035
0.3067875802516937, 1.7813060283660889, -1.0560541152954102, 0.10796362161636353
0.8121757507324219, 1.4808062314987183, -0.9959940910339355, 0.034605059772729874
0.317399799823761, 1.7359623908996582, -0.9000388383865356, 0.09547034651041031
0.6995279788970947, 1.7886468172073364, -0.03277905285358429, 0.0010995737975463271
0.4133562445640564, 1.7966057062149048, 0.037417300045490265, 0.0010554000036790967
0.692050576210022, 2.341965675354004, -0.38123461604118347, 0.010249606333673
0.44268131256103516, 2.33589243888855, -0.3607298731803894, 0.0037654440384358168
0.7306022644042969, 2.9237470626831055, 0.0663955807685852, 0.00045331683941185474
0.47852998971939087, 2.9170849323272705, -0.11032919585704803, 0.0002366429689573124
0.736791729927063, 3.0224690437316895, 0.07321841269731522, 0.00022126667317934334
0.4773992896080017, 3.0139148235321045, -0.11428038030862808, 0.00028726208256557584
0.703630805015564, 3.1047749519348145, -0.5550873279571533, 0.0008546547032892704
0.5263031125068665, 3.0956361293792725, -0.7670093178749084, 0.00108796963468194
0.5687975287437439, 0.7365989685058594, -1.306525468826294, 0.9987654685974121
0.5895270109176636, 0.6587296724319458, -1.231971025466919, 0.9974134564399719
0.6069036722183228, 0.6588181853294373, -1.2323764562606812, 0.9973697662353516
0.6235182881355286, 0.6592305302619934, -1.2323110103607178, 0.9959507584571838
0.5335415601730347, 0.6573044657707214, -1.2535980939865112, 0.9983429312705994
0.5121213793754578, 0.6572215557098389, -1.2535825967788696, 0.9987090229988098
0.4934394955635071, 0.6589300036430359, -1.2542674541473389, 0.9986613392829895
0.6446625590324402, 0.6768190860748291, -0.7481091022491455, 0.996093213558197
0.4570060670375824, 0.6822722554206848, -0.8395508527755737, 0.9990907311439514
0.5923154950141907, 0.806221067905426, -1.1200826168060303, 0.9978381991386414
0.5304287672042847, 0.8065730929374695, -1.1463022232055664, 0.9991280436515808
0.7651916742324829, 0.9951885342597961, -0.3845598101615906, 0.9484224319458008
0.32224470376968384, 0.9863706827163696, -0.5310891270637512, 0.986689567565918
0.8701726794242859, 1.2838733196258545, -0.3400525152683258, 0.0627746731042862
0.23936328291893005, 1.4243334531784058, -0.4438060224056244, 0.23607318103313446
0.846928596496582, 1.500822901725769, -0.7998119592666626, 0.015129949897527695
0.28095749020576477, 1.705793023109436, -0.8090144991874695, 0.04839903861284256
0.8616887331008911, 1.5897749662399292, -0.9089673161506653, 0.027597792446613312
0.28293225169181824, 1.820523738861084, -0.9304385185241699, 0.07022770494222641
0.8321214914321899, 1.5678187608718872, -0.9768697619438171, 0.039246417582035065
0.3094244599342346, 1.7896687984466553, -1.009781837463379, 0.10840500891208649
0.8142518997192383, 1.5324450731277466, -0.8479191660881042, 0.03447766974568367
0.31929442286491394, 1.742896556854248, -0.8528609275817871, 0.09582731127738953
0.6993976831436157, 1.7882115840911865, -0.030557015910744667, 0.0010904999217018485
0.4122842252254486, 1.7961360216140747, 0.03520328924059868, 0.0010448312386870384
0.6919018626213074, 2.3491933345794678, -0.31685394048690796, 0.010123890824615955
0.44132962822914124, 2.343982219696045, -0.3210710883140564, 0.0036726759281009436
0.7272375822067261, 2.9289920330047607, 0.15932077169418335, 0.00045690234401263297
0.4744182229042053, 2.921276807785034, -0.040027741342782974, 0.0002316351601621136
0.7326969504356384, 3.0286707878112793, 0.16787579655647278, 0.00022455354337580502
0.47297343611717224, 3.018786668777466, -0.04074844345450401, 0.0002827030257321894
0.7000629305839539, 3.108682155609131, -0.46792083978652954, 0.0008689228561706841
0.5230377912521362, 3.0972368717193604, -0.7028678059577942, 0.0010772879468277097
0.5687970519065857, 0.7370204329490662, -1.308138132095337, 0.9987463355064392
0.5895320177078247, 0.6594074964523315, -1.2357566356658936, 0.9973382353782654
0.6069023013114929, 0.6594745516777039, -1.2361445426940918, 0.9973060488700867
0.6235136389732361, 0.6598730683326721, -1.2360934019088745, 0.9958383440971375
0.5335716009140015, 0.6577823758125305, -1.2580387592315674, 0.9983013868331909
0.5121756196022034, 0.6576405167579651, -1.2580256462097168, 0.9986848831176758
0.49348020553588867, 0.6592358350753784, -1.2587093114852905, 0.9986312985420227
0.6446789503097534, 0.6771780848503113, -0.7599510550498962, 0.995957612991333
0.4570187032222748, 0.6823835372924805, -0.8531430959701538, 0.9990688562393188
0.5923315286636353, 0.8065062165260315, -1.123865008354187, 0.9977871775627136
0.5304454565048218, 0.8068197965621948, -1.150895118713379, 0.9991136789321899
0.7651742696762085, 0.9951998591423035, -0.39228275418281555, 0.9487906694412231
0.3221050202846527, 0.9862956404685974, -0.5461327433586121, 0.9868519306182861
0.8713818788528442, 1.2840200662612915, -0.33960580825805664, 0.06226169690489769
0.23935362696647644, 1.4248028993606567, -0.445117712020874, 0.23789504170417786
0.854449450969696, 1.5028316974639893, -0.7906484603881836, 0.015130868181586266
0.2816968858242035, 1.7065001726150513, -0.8238601684570312, 0.04856931045651436
0.8712852597236633, 1.5909925699234009, -0.8978732228279114, 0.027417417615652084
0.28388693928718567, 1.8208744525909424, -0.9452818632125854, 0.06988243758678436
0.842247486114502, 1.5684258937835693, -0.9636595845222473, 0.03897121176123619
0.3104102611541748, 1.789452075958252, -1.0227608680725098, 0.10785823315382004
0.8232429623603821, 1.533697247505188, -0.8372812271118164, 0.03431997075676918
0.3201298415660858, 1.7427952289581299, -0.8672979474067688, 0.09529795497655869
0.6992679834365845, 1.7881145477294922, -0.030028611421585083, 0.0010944404639303684
0.41192588210105896, 1.7960009574890137, 0.03461229056119919, 0.0010429831454530358
0.6915204524993896, 2.3509395122528076, -0.2872525155544281, 0.010043318383395672
0.4390774369239807, 2.348099708557129, -0.26624467968940735, 0.0036200627218931913
0.7243645191192627, 2.92962384223938, 0.21183916926383972, 0.00046429771464318037
0.471245676279068, 2.9225590229034424, 0.03586810454726219, 0.0002309088595211506
0.7298010587692261, 3.0292670726776123, 0.22270245850086212, 0.00022849830565974116
0.4700443148612976, 3.019515037536621, 0.03738703578710556, 0.0002825571864377707
0.6971595287322998, 3.1089119911193848, -0.4053930342197418, 0.0008851030725054443
0.5191919207572937, 3.0983662605285645, -0.6150883436203003, 0.0010777852730825543
0.568665087223053, 0.7363406419754028, -1.3176449537277222, 0.9987528920173645
0.5894433856010437, 0.6586384177207947, -1.245201826095581, 0.9973123669624329
0.6068074703216553, 0.6587466597557068, -1.245551347732544, 0.9973028302192688
0.6234377026557922, 0.6592042446136475, -1.2455580234527588, 0.9957888722419739
0.5334959626197815, 0.6571530103683472, -1.267777919769287, 0.9982941746711731
0.5121233463287354, 0.6570425629615784, -1.267752766609192, 0.9986941814422607
0.49342650175094604, 0.65870201587677, -1.2684600353240967, 0.9986312389373779
0.6447041630744934, 0.6768989562988281, -0.7697392702102661, 0.9958871006965637
0.4569988250732422, 0.6821267008781433, -0.8630996942520142, 0.9990764856338501
0.5923446416854858, 0.8060616850852966, -1.1337764263153076, 0.9977834820747375
0.5303972959518433, 0.8063148856163025, -1.1611096858978271, 0.9991236329078674
0.7657285928726196, 0.9952651262283325, -0.39316293597221375, 0.9493550062179565
0.32181328535079956, 0.9862992167472839, -0.5589655041694641, 0.9873061180114746
0.8713180422782898, 1.2946678400039673, -0.2843627333641052, 0.061282481998205185
0.2371322363615036, 1.4277805089950562, -0.44239020347595215, 0.24034976959228516
0.853918194770813, 1.5295970439910889, -0.6775485873222351, 0.014892109669744968
0.281911700963974, 1.7115986347198486, -0.8055586814880371, 0.04883711412549019
0.8702237010002136, 1.6209053993225098, -0.7749935388565063, 0.026708239689469337
0.2846314311027527, 1.8268777132034302, -0.9251602292060852, 0.06919816881418228
0.8410264253616333, 1.6013693809509277, -0.8437172174453735, 0.037961196154356
0.3117001950740814, 1.7963480949401855, -1.0033291578292847, 0.10688725858926773
0.8223680257797241, 1.5634427070617676, -0.7240020632743835, 0.03356139734387398
0.32078835368156433, 1.7485175132751465, -0.8484798669815063, 0.09441758692264557
0.6992033123970032, 1.7889708280563354, -0.028566008433699608, 0.0010909991106018424
0.40991273522377014, 1.7960256338119507, 0.03306594491004944, 0.0010405920911580324
0.6907738447189331, 2.367604970932007, -0.22627994418144226, 0.009710350073873997
0.4307911992073059, 2.365274667739868, -0.22126534581184387, 0.0034541150089353323
0.7194302678108215, 2.9411635398864746, 0.31130605936050415, 0.0004646696615964174
0.4597056806087494, 2.9326491355895996, 0.12118886411190033, 0.00022359959257300943
0.7247522473335266, 3.0417492389678955, 0.326590359210968, 0.00022981353686191142
0.4585569500923157, 3.029385805130005, 0.12724024057388306, 0.00027444682200439274
0.6911671757698059, 3.118957281112671, -0.302166223526001, 0.0008864644332788885
0.5086843967437744, 3.1068875789642334, -0.5317710638046265, 0.0010494001908227801
0.5686095356941223, 0.7294871211051941, -1.3204925060272217, 0.998725414276123
0.5892809629440308, 0.6527387499809265, -1.2463172674179077, 0.9972262382507324
0.6065751910209656, 0.653518557548523, -1.246673345565796, 0.99724280834198
0.623257040977478, 0.6548649668693542, -1.2467010021209717, 0.9956724047660828
0.5334789752960205, 0.6517261266708374, -1.2697207927703857, 0.998243510723114
0.5121094584465027, 0.652054488658905, -1.269696831703186, 0.9986713528633118
0.49339979887008667, 0.6539235711097717, -1.270413875579834, 0.9986007213592529
0.6446874737739563, 0.6753074526786804, -0.7697028517723083, 0.995732307434082
0.45691004395484924, 0.6805388331413269, -0.8645502924919128, 0.9990568161010742
0.5923550128936768, 0.8012133240699768, -1.1358659267425537, 0.9977425336837769
0.5302590131759644, 0.8011277318000793, -1.1646792888641357, 0.9991170167922974
0.7657297253608704, 0.9952769875526428, -0.39227545261383057, 0.9496188163757324
0.31885653734207153, 0.9863114953041077, -0.5576785802841187, 0.9875550270080566
0.8727760314941406, 1.3014023303985596, -0.2648385167121887, 0.0606253556907177
0.2299611121416092, 1.427764654159546, -0.42344483733177185, 0.24175167083740234
0.8572308421134949, 1.5508803129196167, -0.6525033116340637, 0.014472014270722866
0.2818651497364044, 1.7138758897781372, -0.7830502986907959, 0.048227742314338684
0.874000072479248, 1.6450365781784058, -0.749767541885376, 0.025744428858160973
0.2849315106868744, 1.8296808004379272, -0.9053519368171692, 0.06759215146303177
0.8436844944953918, 1.6280542612075806, -0.8214481472969055, 0.03661008179187775
0.31327587366104126, 1.800413727760315, -0.9830197095870972, 0.10457275062799454
0.8248146176338196, 1.5882413387298584, -0.700327455997467, 0.03246304392814636
0.321399986743927, 1.7517684698104858, -0.8259705305099487, 0.09232283383607864
0.6983364820480347, 1.7889012098312378, -0.02779127098619938, 0.0010890300618484616
0.40721049904823303, 1.7958968877792358, 0.0322633758187294, 0.0010424117790535092
0.6908238530158997, 2.372204542160034, -0.2182370126247406, 0.009598638862371445
0.43030819296836853, 2.3698651790618896, -0.22999295592308044, 0.0033780683297663927
0.7194221615791321, 2.9442875385284424, 0.3175757825374603, 0.00047411120613105595
0.4598042964935303, 2.9353840351104736, 0.10915181785821915, 0.00022190864547155797
0.7247416377067566, 3.045264959335327, 0.33187347650527954, 0.0002344075037399307
0.4586602747440338, 3.0322346687316895, 0.11443241685628891, 0.0002748622209765017
0.6911760568618774, 3.1211020946502686, -0.30467596650123596, 0.0008969703339971602
0.5087951421737671, 3.108077049255371, -0.5513717532157898, 0.001043905969709158
0.5679948329925537, 0.709192156791687, -1.349682092666626, 0.9987803101539612
0.5886796712875366, 0.633605420589447, -1.267913818359375, 0.9973382949829102
0.6056187748908997, 0.6345778107643127, -1.268330693244934, 0.9973668456077576
0.6225149035453796, 0.6359891891479492, -1.2683439254760742, 0.9958574175834656
0.53282630443573, 0.6348998546600342, -1.2920475006103516, 0.9983152151107788
0.5114589333534241, 0.6370865106582642, -1.2919865846633911, 0.9987313151359558
0.49249768257141113, 0.6394082307815552, -1.2927584648132324, 0.998662531375885
0.64398592710495, 0.6606191396713257, -0.7704252600669861, 0.995914101600647
0.4564170837402344, 0.6699755191802979, -0.8680133819580078, 0.9991077780723572
0.5922660231590271, 0.7842108011245728, -1.1562488079071045, 0.9978657960891724
0.529436469078064, 0.7838661074638367, -1.1863491535186768, 0.9991684556007385
0.7661729454994202, 0.9951362013816833, -0.38966718316078186, 0.9511896371841431
0.31759166717529297, 0.98496013879776, -0.5627572536468506, 0.9881809949874878
0.87354975938797, 1.3155004978179932, -0.2894863784313202, 0.061773672699928284
0.22878070175647736, 1.428821086883545, -0.4382478594779968, 0.24865183234214783
0.8563663363456726, 1.5913385152816772, -0.6788787841796875, 0.01413913443684578
0.28370198607444763, 1.7215635776519775, -0.8368738293647766, 0.04968909174203873
0.8709931373596191, 1.6944870948791504, -0.8219494819641113, 0.025007981806993484
0.28886955976486206, 1.8402267694473267, -0.9828861355781555, 0.06837553530931473
0.8382221460342407, 1.678213357925415, -0.909171462059021, 0.03563752397894859
0.31912174820899963, 1.811279535293579, -1.065967321395874, 0.10578177869319916
0.8199414014816284, 1.6349068880081177, -0.7458658814430237, 0.03163161873817444
0.3262549340724945, 1.7619253396987915, -0.8840941190719604, 0.09334418177604675
0.6985083818435669, 1.7888171672821045, -0.02486865408718586, 0.0011417386122047901
0.4054476320743561, 1.7955551147460938, 0.029560867697000504, 0.001122899237088859
0.68968665599823, 2.3769004344940186, -0.24539688229560852, 0.009946421720087528
0.4275943636894226, 2.3694040775299072, -0.36077237129211426, 0.003404470393434167
0.7167220115661621, 2.9487619400024414, 0.27535614371299744, 0.000484785414300859
0.4515461027622223, 2.9413933753967285, -0.0007174279890023172, 0.00022245556465350091
0.7218688726425171, 3.0497891902923584, 0.28666672110557556, 0.00024101552844513208
0.4495399594306946, 3.0419647693634033, 0.005256948061287403, 0.00027251028222963214
0.6858663558959961, 3.1279945373535156, -0.35301095247268677, 0.0009050681255757809
0.5013266205787659, 3.1113717555999756, -0.7156854867935181, 0.0010481623467057943
0.5686795115470886, 0.6992998123168945, -1.3551949262619019, 0.9988069534301758
0.5887714624404907, 0.6233753561973572, -1.2714803218841553, 0.9973779320716858
0.6056400537490845, 0.6243658065795898, -1.2719197273254395, 0.9974376559257507
0.6225097179412842, 0.6256580352783203, -1.2719365358352661, 0.9959374666213989
0.5335099101066589, 0.6238833069801331, -1.2978180646896362, 0.9983432292938232
0.5118144154548645, 0.626331090927124, -1.297720193862915, 0.9987673759460449
0.4926467537879944, 0.628928542137146, -1.2984845638275146, 0.9986937046051025
0.6426969766616821, 0.6502373814582825, -0.7688688635826111, 0.9960018396377563
0.45634859800338745, 0.6597918272018433, -0.872287929058075, 0.9991440773010254
0.5924573540687561, 0.7742212414741516, -1.159283995628357, 0.9979491829872131
0.5302139520645142, 0.772983193397522, -1.192090392112732, 0.99920654296875
0.7672243714332581, 0.9951041340827942, -0.3745061755180359, 0.952811062335968
0.3129197359085083, 0.9838578104972839, -0.5707646012306213, 0.9887349605560303
0.8773584365844727, 1.3152974843978882, -0.2840586304664612, 0.06275282800197601
0.21889424324035645, 1.4318782091140747, -0.4535832405090332, 0.25824376940727234
0.8562064170837402, 1.593712568283081, -0.7258702516555786, 0.014141243882477283
0.2822663187980652, 1.730560541152954, -0.8565686345100403, 0.05257376655936241
0.8703676462173462, 1.6973004341125488, -0.8522842526435852, 0.02474084123969078
0.2879422903060913, 1.850503921508789, -1.0078198909759521, 0.07062151283025742
0.8380163311958313, 1.682888388633728, -0.9293428659439087, 0.035337623208761215
0.31918901205062866, 1.821592926979065, -1.091911792755127, 0.10929375141859055
0.8194746971130371, 1.640722393989563, -0.7818695306777954, 0.031470414251089096
0.3263571262359619, 1.7716013193130493, -0.904638409614563, 0.09637845307588577
0.6985206007957458, 1.7878700494766235, -0.017848871648311615, 0.001172013464383781
0.4018498361110687, 1.7943408489227295, 0.02284257858991623, 0.001163428882136941
0.6895477175712585, 2.3764114379882812, -0.2498147189617157, 0.010385576635599136
0.42696747183799744, 2.368009328842163, -0.37744155526161194, 0.0034549860283732414
0.7168091535568237, 2.9499871730804443, 0.26852473616600037, 0.00050938013009727
0.45138096809387207, 2.9406981468200684, -0.02269168570637703, 0.00022001149773132056
0.7219549417495728, 3.0514180660247803, 0.2789160907268524, 0.0002572394150774926
0.44889718294143677, 3.0414836406707764, -0.016504131257534027, 0.0002713480207603425
0.6858990788459778, 3.129894971847534, -0.37474241852760315, 0.0009314529597759247
0.5015984177589417, 3.111185312271118, -0.7350664138793945, 0.0010478546610102057
0.5675864219665527, 0.692932665348053, -1.3622387647628784, 0.9988765120506287
0.587492823600769, 0.6173420548439026, -1.279361605644226, 0.9975140690803528
0.6037898659706116, 0.6179122924804688, -1.2797664403915405, 0.9975824356079102
0.6206506490707397, 0.6186283230781555, -1.279726505279541, 0.9961538314819336
0.5319228768348694, 0.6191375851631165, -1.3025116920471191, 0.9984278678894043
0.5105047225952148, 0.622028648853302, -1.3023806810379028, 0.9988357424736023
0.4910971522331238, 0.6250334978103638, -1.3031384944915771, 0.9987633228302002
0.6409267783164978, 0.642935037612915, -0.7745217084884644, 0.9962188005447388
0.4558092951774597, 0.6558061242103577, -0.8718250393867493, 0.999195396900177
0.5922993421554565, 0.768322765827179, -1.1681749820709229, 0.9980813264846802
0.5293931365013123, 0.7679972052574158, -1.1970010995864868, 0.9992594122886658
0.7703531384468079, 0.9954677224159241, -0.3829508423805237, 0.9543424248695374
0.31206637620925903, 0.9818146824836731, -0.5712219476699829, 0.9892274141311646
0.8778226971626282, 1.329473614692688, -0.2918577790260315, 0.06366495043039322
0.21949157118797302, 1.431877613067627, -0.47797006368637085, 0.2592202126979828
0.8554550409317017, 1.624180555343628, -0.7450338006019592, 0.013946752063930035
0.2824791967868805, 1.729101538658142, -0.9252831339836121, 0.05413277447223663
0.8689072728157043, 1.7320683002471924, -0.8657065629959106, 0.02434767223894596
0.28827327489852905, 1.848068118095398, -1.0805037021636963, 0.072240449488163
0.8343245387077332, 1.718366265296936, -0.9392191767692566, 0.034907739609479904
0.3202992379665375, 1.8185843229293823, -1.1600806713104248, 0.11193862557411194
0.8157532811164856, 1.6733262538909912, -0.7975775599479675, 0.031183242797851562
0.32756468653678894, 1.7691608667373657, -0.9734776616096497, 0.09872124344110489
0.6986685395240784, 1.7878178358078003, -0.01806790381669998, 0.001174640259705484
0.3997454047203064, 1.793000340461731, 0.02306489087641239, 0.0011757195461541414
0.6866633296012878, 2.382364511489868, -0.20003239810466766, 0.010303904302418232
0.42036065459251404, 2.3680975437164307, -0.36203140020370483, 0.0033476559910923243
0.7072559595108032, 2.9528870582580566, 0.3765934407711029, 0.0005051877815276384
0.4350653290748596, 2.940934896469116, 0.03825874254107475, 0.00021158033632673323
0.7118309140205383, 3.053626537322998, 0.39205610752105713, 0.0002565534086897969
0.4318440556526184, 3.041875123977661, 0.0502757802605629, 0.00026075614732690156
0.6708279252052307, 3.1357779502868652, -0.28140583634376526, 0.0009136135340668261
0.4851922392845154, 3.1118054389953613, -0.6840482354164124, 0.0010153715265914798
0.5672309398651123, 0.689038872718811, -1.364788293838501, 0.9989196062088013
0.5870192050933838, 0.6141552329063416, -1.2793781757354736, 0.997629702091217
0.6030800342559814, 0.6144169569015503, -1.2797881364822388, 0.9976897835731506
0.6198855042457581, 0.6147482991218567, -1.2797508239746094, 0.9963274598121643
0.530893087387085, 0.6172388792037964, -1.303928256034851, 0.9984989166259766
0.5092309713363647, 0.6205364465713501, -1.303881287574768, 0.9988870620727539
0.48932474851608276, 0.623746931552887, -1.3046380281448364, 0.9988178014755249
0.639341413974762, 0.6381437182426453, -0.7672670483589172, 0.9963963031768799
0.45464736223220825, 0.6545742750167847, -0.8714967966079712, 0.9992360472679138
0.5923007130622864, 0.7648544311523438, -1.168095588684082, 0.9981671571731567
0.5290368795394897, 0.7649288177490234, -1.1994532346725464, 0.9992916584014893
0.7703353762626648, 0.9953718185424805, -0.3805360198020935, 0.9534445405006409
0.3120569586753845, 0.9810369610786438, -0.5717138648033142, 0.9888834357261658
0.8767713308334351, 1.3284348249435425, -0.3393386900424957, 0.06252846121788025
0.2202279269695282, 1.4318041801452637, -0.5336674451828003, 0.2516360282897949
0.8524630665779114, 1.6069904565811157, -0.854295551776886, 0.013692782260477543
0.28891217708587646, 1.7084369659423828, -1.002777338027954, 0.053015366196632385
0.8633348345756531, 1.708856463432312, -0.9762827754020691, 0.024139530956745148
0.2997664213180542, 1.8199573755264282, -1.1444216966629028, 0.07164402306079865
0.8314158320426941, 1.6916738748550415, -1.0366774797439575, 0.03457348793745041
0.3266482651233673, 1.7813702821731567, -1.211707353591919, 0.1109609603881836
0.813178539276123, 1.6495682001113892, -0.9014700651168823, 0.03091702051460743
0.33209630846977234, 1.736391544342041, -1.0451686382293701, 0.09787125140428543
0.698633074760437, 1.7877527475357056, -0.017529785633087158, 0.0012018983252346516
0.3997024595737457, 1.7929224967956543, 0.022480621933937073, 0.0012053686659783125
0.6841572523117065, 2.3816592693328857, -0.2502458691596985, 0.010270578786730766
0.41448402404785156, 2.3673977851867676, -0.3677738308906555, 0.0032830643467605114
0.7026880383491516, 2.9523801803588867, 0.3221134543418884, 0.0004958725767210126
0.4311966896057129, 2.940410852432251, 0.03320503234863281, 0.0002074459771392867
0.706254780292511, 3.0517783164978027, 0.33451569080352783, 0.00025219880626536906
0.42779678106307983, 3.041041135787964, 0.04125135391950607, 0.00025173265021294355
0.6695113182067871, 3.134821891784668, -0.3227095603942871, 0.0009006424224935472
0.4840921461582184, 3.111815929412842, -0.682648777961731, 0.0010004446376115084
0.5671151876449585, 0.683955192565918, -1.3719700574874878, 0.9989410042762756
0.5867481231689453, 0.6102086901664734, -1.2843868732452393, 0.9976963400840759
0.6026724576950073, 0.6105973124504089, -1.284820318222046, 0.9977620840072632
0.6193790435791016, 0.6110145449638367, -1.2848132848739624, 0.9964405298233032
0.5298246741294861, 0.6135284900665283, -1.310686469078064, 0.9985392689704895
0.5076429843902588, 0.6172617077827454, -1.3106689453125, 0.9989196062088013
0.48764219880104065, 0.6211941242218018, -1.311434030532837, 0.9988497495651245
0.63786780834198, 0.6342985033988953, -0.7669095396995544, 0.9965273141860962
0.45401105284690857, 0.6523423790931702, -0.8743670582771301, 0.999267041683197
0.5923328399658203, 0.7599130272865295, -1.1724798679351807, 0.9982306957244873
0.5287190675735474, 0.7610973715782166, -1.205888032913208, 0.9993137717247009
0.7712856531143188, 0.9951592683792114, -0.3767104744911194, 0.9530560970306396
0.31175753474235535, 0.9808480143547058, -0.5779577493667603, 0.9887608289718628
0.8817256689071655, 1.3279755115509033, -0.3513548970222473, 0.06167178228497505
0.22073772549629211, 1.432163119316101, -0.5539426803588867, 0.24646566808223724
0.8531273603439331, 1.5985878705978394, -0.8757133483886719, 0.01332456897944212
0.2935357391834259, 1.705386996269226, -1.0239441394805908, 0.05197286978363991
0.8632871508598328, 1.698339819908142, -1.0007703304290771, 0.023578716441988945
0.30694225430488586, 1.8164331912994385, -1.1686460971832275, 0.07058025151491165
0.8314139246940613, 1.6801724433898926, -1.0599911212921143, 0.03378603607416153
0.33339688181877136, 1.7768982648849487, -1.2361551523208618, 0.10930079966783524
0.8133972883224487, 1.6391122341156006, -0.9231260418891907, 0.03024352714419365
0.33760854601860046, 1.73196542263031, -1.0667140483856201, 0.09642725437879562
0.6992684602737427, 1.7876965999603271, -0.016569647938013077, 0.0011959272669628263
0.39967939257621765, 1.7928868532180786, 0.021599341183900833, 0.0012076591374352574
0.6841834187507629, 2.380845546722412, -0.27563953399658203, 0.010200368240475655
0.41471195220947266, 2.366389513015747, -0.39498695731163025, 0.0032163094729185104
0.7072621583938599, 2.9520621299743652, 0.27482670545578003, 0.00048699742183089256
0.4325513243675232, 2.941131591796875, -0.026560261845588684, 0.0002005098358495161
0.7117956280708313, 3.0514252185821533, 0.28477293252944946, 0.00024758584913797677
0.42983874678611755, 3.0421478748321533, -0.021162807941436768, 0.00024061297881416976
0.6741180419921875, 3.135073184967041, -0.393934428691864, 0.0008843037649057806
0.4865416884422302, 3.1129000186920166, -0.7370044589042664, 0.000978117692284286
0.5667957663536072, 0.6754717230796814, -1.3917527198791504, 0.9989363551139832
0.5865929126739502, 0.6020702123641968, -1.30314302444458, 0.9976681470870972
0.6024324297904968, 0.6023961901664734, -1.3035882711410522, 0.9977548122406006
0.619137167930603, 0.6027113795280457, -1.3035982847213745, 0.996417224407196
0.5293117165565491, 0.6056115627288818, -1.3290050029754639, 0.9985233545303345
0.5065084099769592, 0.6097137331962585, -1.3289687633514404, 0.9989150762557983
0.48644042015075684, 0.6148485541343689, -1.329754114151001, 0.9988423585891724
0.6369460225105286, 0.6266777515411377, -0.7785957455635071, 0.9965223670005798
0.4535077214241028, 0.6456871032714844, -0.8869169354438782, 0.9992766380310059
0.5921891927719116, 0.751413881778717, -1.1912726163864136, 0.9982528686523438
0.5281717777252197, 0.7533813714981079, -1.2240281105041504, 0.9993268251419067
0.7723854780197144, 0.9951587915420532, -0.3891598880290985, 0.9528830051422119
0.30861765146255493, 0.9808463454246521, -0.5889042615890503, 0.9887731075286865
0.8861591219902039, 1.33165442943573, -0.3829990029335022, 0.0609392374753952
0.21155929565429688, 1.4348349571228027, -0.5486118793487549, 0.24245063960552216
0.8529086112976074, 1.611477255821228, -0.907383143901825, 0.012855310924351215
0.29247695207595825, 1.7142772674560547, -1.0154902935028076, 0.05100846663117409
0.8616952896118164, 1.7140719890594482, -1.038856863975525, 0.022846398875117302
0.30588579177856445, 1.8286999464035034, -1.1668401956558228, 0.06935057044029236
0.8279479742050171, 1.694466471672058, -1.0980560779571533, 0.032831210643053055
0.33278223872184753, 1.7899022102355957, -1.2343782186508179, 0.1076158806681633
0.8110378384590149, 1.6523133516311646, -0.9554219245910645, 0.02937043271958828
0.3372524678707123, 1.7437471151351929, -1.0587198734283447, 0.09487839043140411
0.6998898983001709, 1.791093111038208, -0.01670302264392376, 0.0011496891966089606
0.3983449637889862, 1.797715663909912, 0.02173377014696598, 0.0011716800509020686
0.6856156587600708, 2.3898208141326904, -0.2730899453163147, 0.00997207686305046
0.41716131567955017, 2.370851993560791, -0.44549560546875, 0.00311069842427969
0.7113933563232422, 2.962512969970703, 0.2866116762161255, 0.00046832324005663395
0.4337386190891266, 2.9496145248413086, -0.04746400564908981, 0.00019037228776142
0.7160570621490479, 3.0616660118103027, 0.2980315685272217, 0.000237241416471079
0.4302796721458435, 3.0526769161224365, -0.03865792974829674, 0.00022675965738017112
0.6770800352096558, 3.150548219680786, -0.3877682685852051, 0.0008506037411279976
0.49007806181907654, 3.120966672897339, -0.767234742641449, 0.00094060436822474
0.5646165013313293, 0.6708411574363708, -1.29513418674469, 0.9989395141601562
0.585324227809906, 0.5983884930610657, -1.2137051820755005, 0.9976298213005066
0.6004883646965027, 0.5991056561470032, -1.2141557931900024, 0.9977673888206482
0.6174401044845581, 0.5997964143753052, -1.2142771482467651, 0.9963977932929993
0.5275089740753174, 0.6012735366821289, -1.2356836795806885, 0.9984862208366394
0.504407525062561, 0.6053720712661743, -1.2354419231414795, 0.9989085793495178
0.48455849289894104, 0.6109151244163513, -1.2361313104629517, 0.9988184571266174
0.6346561908721924, 0.6247700452804565, -0.7252768278121948, 0.9965381622314453
0.45300498604774475, 0.6418308615684509, -0.8140349388122559, 0.9992724061012268
0.5909303426742554, 0.7470194101333618, -1.109565019607544, 0.9982843995094299
0.5256730318069458, 0.7482536435127258, -1.1362898349761963, 0.9993382096290588
0.771994948387146, 0.9941490888595581, -0.3594088852405548, 0.9543296694755554
0.3054448068141937, 0.979813277721405, -0.5424650311470032, 0.9891714453697205
0.8857754468917847, 1.3304200172424316, -0.25789639353752136, 0.05909562483429909
0.21135301887989044, 1.4348868131637573, -0.42935094237327576, 0.23893901705741882
0.8528334498405457, 1.6205215454101562, -0.6413352489471436, 0.012349584139883518
0.2861635982990265, 1.7272614240646362, -0.8478307723999023, 0.049946609884500504
0.863857626914978, 1.7275736331939697, -0.750646710395813, 0.021882446482777596
0.29147869348526, 1.8449902534484863, -0.9963099360466003, 0.0676022544503212
0.8279637098312378, 1.7201101779937744, -0.8245406150817871, 0.031622014939785004
0.32742056250572205, 1.821104884147644, -1.0793884992599487, 0.10553251206874847
0.8108326196670532, 1.6742147207260132, -0.692564845085144, 0.02836657501757145
0.33401086926460266, 1.7703324556350708, -0.897362232208252, 0.09280842542648315
0.6980893611907959, 1.7873880863189697, -0.01728888601064682, 0.0010848272358998656
0.39484989643096924, 1.7940762042999268, 0.02240920253098011, 0.00110268231946975
0.6868969202041626, 2.3934974670410156, -0.2283022701740265, 0.009394709020853043
0.41752713918685913, 2.3783583641052246, -0.3447295129299164, 0.002916717901825905
0.7119059562683105, 2.9676547050476074, 0.32002049684524536, 0.00044516767957247794
0.4348878264427185, 2.9545226097106934, 0.03219035640358925, 0.0001770802919054404
0.7168782353401184, 3.069690465927124, 0.33314186334609985, 0.00022914947476238012
0.4316771626472473, 3.059277296066284, 0.04097386449575424, 0.00021352124167606235
0.6773378252983093, 3.1524903774261475, -0.3455656170845032, 0.0008112661889754236
0.49036359786987305, 3.123934745788574, -0.6785839796066284, 0.0008842995739541948
0.5596362352371216, 0.6625288724899292, -1.2128064632415771, 0.9989773631095886
0.5815675258636475, 0.5916396975517273, -1.138968825340271, 0.9976859092712402
0.5959745049476624, 0.5927284955978394, -1.1393744945526123, 0.9978614449501038
0.6127652525901794, 0.5935418009757996, -1.1395453214645386, 0.996528685092926
0.5224850177764893, 0.595204770565033, -1.1571040153503418, 0.998502790927887
0.5001270174980164, 0.6000638604164124, -1.1567758321762085, 0.9989352226257324
0.4799227714538574, 0.6061286330223083, -1.15736985206604, 0.9988301992416382
0.6313730478286743, 0.6210101842880249, -0.6845654845237732, 0.9966869354248047
0.4516984522342682, 0.6389316320419312, -0.7506821751594543, 0.9992871880531311
0.5889879465103149, 0.7401033043861389, -1.0393544435501099, 0.9983611702919006
0.5211976766586304, 0.7420118451118469, -1.05947744846344, 0.999361515045166
0.7730568647384644, 0.9934026598930359, -0.3461701273918152, 0.9569322466850281
0.30453652143478394, 0.979824960231781, -0.5124462246894836, 0.9897279143333435
0.885522723197937, 1.338714599609375, -0.24444100260734558, 0.057150352746248245
0.20772485435009003, 1.4333720207214355, -0.4005558490753174, 0.23444578051567078
0.8550701141357422, 1.6633073091506958, -0.6074680089950562, 0.01174656767398119
0.27749210596084595, 1.7289717197418213, -0.8123549222946167, 0.048454102128744125
0.8731110692024231, 1.7817007303237915, -0.7128006815910339, 0.020763307809829712
0.27582040429115295, 1.8464306592941284, -0.9505614042282104, 0.06505150347948074
0.8290137052536011, 1.7850133180618286, -0.7813278436660767, 0.030273109674453735
0.3199034631252289, 1.830829381942749, -1.0302200317382812, 0.1021345853805542
0.8112791180610657, 1.7318017482757568, -0.6559602618217468, 0.027249179780483246
0.32801035046577454, 1.7787501811981201, -0.8600975871086121, 0.08971526473760605
0.698143720626831, 1.7760274410247803, -0.017697302624583244, 0.0010114805772900581
0.39495259523391724, 1.786731481552124, 0.022763289511203766, 0.0010254229418933392
0.6975806951522827, 2.3940000534057617, -0.1205865740776062, 0.008754304610192776
0.4245717525482178, 2.3872218132019043, -0.15762652456760406, 0.002706289291381836
0.7273191809654236, 2.969452381134033, 0.47224417328834534, 0.0004296251281630248
0.46052899956703186, 2.9612555503845215, 0.25263088941574097, 0.0001644147705519572
0.7353636622428894, 3.073188304901123, 0.4931577742099762, 0.00022554902534466237
0.4599752426147461, 3.0663130283355713, 0.2682228982448578, 0.00020158069673925638
0.6921120285987854, 3.152575969696045, -0.15815815329551697, 0.0007762453169561923
0.5184458494186401, 3.1295292377471924, -0.4200116991996765, 0.0008263325435109437
0.5558732748031616, 0.6482593417167664, -1.2149721384048462, 0.9990266561508179
0.5787652730941772, 0.5802909135818481, -1.1432371139526367, 0.9977641105651855
0.5932914614677429, 0.5815600752830505, -1.1435812711715698, 0.99796462059021
0.6103700399398804, 0.5825408101081848, -1.1437280178070068, 0.9966751337051392
0.5183700919151306, 0.5840750336647034, -1.1592509746551514, 0.9985394477844238
0.49634233117103577, 0.5892646312713623, -1.158886194229126, 0.9989725351333618
0.4760337769985199, 0.5943157076835632, -1.1594412326812744, 0.9988577365875244
0.6303195357322693, 0.6135217547416687, -0.6960750818252563, 0.9968430399894714
0.45057573914527893, 0.6315141320228577, -0.7519592642784119, 0.9993120431900024
0.5878735780715942, 0.7274996638298035, -1.0449562072753906, 0.9984493255615234
0.5172731876373291, 0.7304189205169678, -1.0615646839141846, 0.9993922114372253
0.7757693529129028, 0.9921562671661377, -0.35938552021980286, 0.9593763947486877
0.30329200625419617, 0.9800738096237183, -0.5209109783172607, 0.9902949929237366
0.895097553730011, 1.3460490703582764, -0.2899090349674225, 0.05457117035984993
0.19991280138492584, 1.43385648727417, -0.41381198167800903, 0.23093104362487793
0.8659445643424988, 1.681764006614685, -0.672624409198761, 0.011250101961195469
0.26368314027786255, 1.7455462217330933, -0.8136594891548157, 0.047532811760902405
0.8899526596069336, 1.8031936883926392, -0.7839841842651367, 0.019843604415655136
0.2566065788269043, 1.8650877475738525, -0.9469131231307983, 0.06303008645772934
0.8348178863525391, 1.8072203397750854, -0.8559157252311707, 0.029297325760126114
0.30668050050735474, 1.858155608177185, -1.0281457901000977, 0.09991780668497086
0.8159435987472534, 1.7532793283462524, -0.723315954208374, 0.026517894119024277
0.3166969120502472, 1.8052928447723389, -0.8613380193710327, 0.08782687783241272
0.7010594606399536, 1.7762525081634521, -0.022670656442642212, 0.0009341490804217756
0.39504605531692505, 1.7875934839248657, 0.027781236916780472, 0.000945534382481128
0.7089487910270691, 2.406848192214966, -0.058048151433467865, 0.00804081279784441
0.42987126111984253, 2.4091060161590576, -0.07305071502923965, 0.0024789171293377876
0.7385977506637573, 2.9841184616088867, 0.6001973152160645, 0.00040140055352821946
0.4693310260772705, 2.9805006980895996, 0.4075697362422943, 0.00014984306471887976
0.7485795021057129, 3.0915141105651855, 0.6287705302238464, 0.00021476905385497957
0.4687742292881012, 3.087629795074463, 0.4329771399497986, 0.00018577606533654034
0.6993976831436157, 3.1711721420288086, -0.013052387163043022, 0.0007188775343820453
0.5276340246200562, 3.1540136337280273, -0.24952244758605957, 0.0007574983173981309
0.5557182431221008, 0.6305211186408997, -1.046913981437683, 0.999106228351593
0.5780138969421387, 0.5600399374961853, -0.9838477373123169, 0.9979379177093506
0.5924459099769592, 0.5611092448234558, -0.9839515686035156, 0.9981290698051453
0.6096739172935486, 0.5625039339065552, -0.9840987324714661, 0.9969470500946045
0.5176888704299927, 0.563778281211853, -0.9987467527389526, 0.99864661693573
0.4955269694328308, 0.5689800381660461, -0.9982650876045227, 0.9990485906600952
0.4751693308353424, 0.5748485326766968, -0.9986902475357056, 0.9989385008811951
0.6297050714492798, 0.5976471304893494, -0.5856160521507263, 0.9971025586128235
0.44981688261032104, 0.6156988143920898, -0.6332891583442688, 0.999359130859375
0.5877380967140198, 0.7141720056533813, -0.895190417766571, 0.998577356338501
0.517328679561615, 0.717095673084259, -0.9096123576164246, 0.9994379281997681
0.7760286927223206, 0.9829708337783813, -0.3291897177696228, 0.962853193283081
0.3025323748588562, 0.9776759743690491, -0.4829908311367035, 0.9910393953323364
0.8951781392097473, 1.3458713293075562, -0.28796786069869995, 0.054690901190042496
0.20117482542991638, 1.4289264678955078, -0.4313561022281647, 0.227805957198143
0.8669376373291016, 1.6844630241394043, -0.6299623250961304, 0.01113175693899393
0.25447189807891846, 1.7438390254974365, -0.9055582284927368, 0.0477723591029644
0.8916219472885132, 1.8085469007492065, -0.731493353843689, 0.019466537982225418
0.23762246966362, 1.8628966808319092, -1.0375449657440186, 0.06263882666826248
0.8354851603507996, 1.8103582859039307, -0.7881985306739807, 0.029196541756391525
0.2891141474246979, 1.855078101158142, -1.1086320877075195, 0.09972158819437027
0.8167306780815125, 1.7580254077911377, -0.6728153228759766, 0.026721151545643806
0.30406835675239563, 1.803334355354309, -0.9521585702896118, 0.08816801011562347
0.7062093019485474, 1.7719876766204834, -0.023142006248235703, 0.0008924835128709674
0.3958285450935364, 1.7871211767196655, 0.028176242485642433, 0.0009008795022964478
0.7190548777580261, 2.405028820037842, 0.07200890779495239, 0.007354002445936203
0.4319280683994293, 2.4161810874938965, 0.11693152040243149, 0.0022667630109936
0.7448917031288147, 2.9816651344299316, 0.7622917294502258, 0.0003743385605048388
0.47093281149864197, 2.980537176132202, 0.6137353181838989, 0.0001367088407278061
0.7551388740539551, 3.087833881378174, 0.7978036999702454, 0.00020396853506099433
0.4701557159423828, 3.0852456092834473, 0.6440602540969849, 0.00017090469191316515
0.7061525583267212, 3.1694953441619873, 0.21440592408180237, 0.0006635718164034188
0.5287391543388367, 3.1583430767059326, 0.02304963394999504, 0.0006911111995577812
0.5532402396202087, 0.6144613027572632, -1.122540831565857, 0.9991658926010132
0.5764572024345398, 0.5443298816680908, -1.0476233959197998, 0.9980668425559998
0.5910701751708984, 0.5455238819122314, -1.0479094982147217, 0.9982567429542542
0.6083989143371582, 0.5470215678215027, -1.0478423833847046, 0.997151255607605
0.5147796869277954, 0.547456681728363, -1.0802675485610962, 0.9987211227416992
0.4926653504371643, 0.551982581615448, -1.080249547958374, 0.999103307723999
0.4721444547176361, 0.5581572651863098, -1.081002950668335, 0.9989931583404541
0.6289448142051697, 0.5835497975349426, -0.5898246765136719, 0.9973092675209045
0.4483494758605957, 0.5991081595420837, -0.7035965919494629, 0.9993950128555298
0.5869055986404419, 0.7010542750358582, -0.9440860748291016, 0.9986829161643982
0.5154035091400146, 0.7044798731803894, -0.9866342544555664, 0.9994758367538452
0.7774239778518677, 0.9746665358543396, -0.37936991453170776, 0.965359091758728
0.3015144467353821, 0.9719926118850708, -0.49712690711021423, 0.9914846420288086
0.9071165323257446, 1.3448597192764282, -0.4186130166053772, 0.05438494309782982
0.1970742642879486, 1.4246751070022583, -0.4664488732814789, 0.2252081334590912
0.8790591955184937, 1.677177906036377, -0.8815372586250305, 0.011168209835886955
0.2474672794342041, 1.7426847219467163, -1.0044190883636475, 0.04758859798312187
0.9053375124931335, 1.8009105920791626, -1.014792799949646, 0.019322393462061882
0.23384639620780945, 1.8622539043426514, -1.156310796737671, 0.06169040501117706
0.8432689905166626, 1.8022500276565552, -1.0676175355911255, 0.029410570859909058
0.2858284115791321, 1.8529565334320068, -1.2356293201446533, 0.09908907115459442
0.8234686851501465, 1.7499630451202393, -0.9266555905342102, 0.027148738503456116
0.29964393377304077, 1.8013886213302612, -1.0560499429702759, 0.0878240317106247
0.7085320949554443, 1.7706061601638794, -0.03421461582183838, 0.0008449464221484959
0.39589494466781616, 1.7862125635147095, 0.03957371041178703, 0.0008490389445796609
0.7206593751907349, 2.408271312713623, -0.02161473222076893, 0.00678584398701787
0.43234285712242126, 2.415674924850464, -0.022941816598176956, 0.0020819345954805613
0.7449856996536255, 2.9866836071014404, 0.6525236368179321, 0.00034797159605659544
0.47010278701782227, 2.984804630279541, 0.46654972434043884, 0.00012464211613405496
0.7551432251930237, 3.095163106918335, 0.6827259659767151, 0.00019226458971388638
0.4691861569881439, 3.09285831451416, 0.49342361092567444, 0.0001572859036969021
0.7050847411155701, 3.177858591079712, 0.04125906154513359, 0.0006113837589509785
0.5274628400802612, 3.16437029838562, -0.19087006151676178, 0.0006335432408377528
0.5506467819213867, 0.5956206917762756, -1.1664730310440063, 0.999222457408905
0.5754578113555908, 0.5266412496566772, -1.079538345336914, 0.9981826543807983
0.590475857257843, 0.5276466608047485, -1.0801801681518555, 0.998372495174408
0.6078506708145142, 0.5290307402610779, -1.0799286365509033, 0.9973359107971191
0.5121680498123169, 0.5276595950126648, -1.1184922456741333, 0.9987888336181641
0.49006086587905884, 0.530717670917511, -1.11861252784729, 0.9991528391838074
0.4692929685115814, 0.5350911021232605, -1.1194589138031006, 0.9990408420562744

